Initial_model/basin_likelihood.txt
ncols         667
nrows         667
xllcorner     -3335000
yllcorner     -3335000
cellsize      10000
NODATA_value  -9999
[rows 363 to 395 of 667, columns 444 to 517 of 667]
0.4732 0.4794 0.484 0.499 0.4014 0.4474 0.4556 0.4806 0.5628 0.5418 0.5306 0.4782 0.51 0.5774 0.476 0.5182 0.5066 0.574 0.2572 0.199 0.2042 0.2478 0.3 0.4622 0.549 0.6194 0.6692 0.6482 0.6808 0.7328 0.6804 0.7664 0.8364 0.8302 0.802 0.7084 0.3364 0.401 0.4876 0.5132 0.3774 0.259 0.1862 0.149 0.1416 0.1452 0.1524 0.1434 0.1438 0.1462 0.1412 0.1388 0.1328 0.1302 0.1258 0.1418 0.1474 0.1318 0.1288 0.1378 0.1256 0.1466 0.1496 0.1418 0.1288 0.149 0.1908 0.2304 0.2534 0.2808 0.2882 0.2818 0.2444 0.1736
0.4884 0.4812 0.5232 0.554 0.4664 0.4576 0.506 0.504 0.541 0.6032 0.5768 0.4844 0.5392 0.5564 0.5934 0.5866 0.5492 0.5262 0.3186 0.2638 0.2738 0.335 0.4382 0.5364 0.607 0.6782 0.6246 0.6512 0.6738 0.8108 0.8772 0.8986 0.9 0.8896 0.8228 0.7646 0.5184 0.5922 0.6824 0.5316 0.3716 0.245 0.195 0.171 0.1608 0.1746 0.1874 0.1642 0.1418 0.1388 0.153 0.1228 0.1274 0.1218 0.1126 0.1174 0.1362 0.1448 0.1222 0.127 0.142 0.1162 0.1318 0.1378 0.1368 0.1184 0.1592 0.1956 0.208 0.2222 0.2388 0.2422 0.2276 0.1838
0.488 0.4772 0.5126 0.5412 0.535 0.534 0.5366 0.5264 0.5542 0.7016 0.5382 0.5586 0.6282 0.5888 0.6482 0.6004 0.5968 0.5748 0.6554 0.5556 0.566 0.515 0.548 0.5206 0.5526 0.6282 0.8752 0.7684 0.8832 0.8868 0.884 0.8892 0.903 0.8882 0.8898 0.8376 0.7824 0.8112 0.7736 0.586 0.3554 0.2132 0.1668 0.1438 0.156 0.1828 0.1958 0.1614 0.2108 0.137 0.105 0.1088 0.1214 0.1214 0.1006 0.11 0.1006 0.1354 0.0928 0.1118 0.125 0.1482 0.1168 0.1216 0.1676 0.1626 0.1498 0.1928 0.1886 0.2306 0.2024 0.201 0.186 0.1702
0.4772 0.514 0.5048 0.5034 0.505 0.5448 0.5144 0.5342 0.5862 0.5738 0.679 0.7598 0.7148 0.6484 0.7694 0.6494 0.5642 0.475 0.4908 0.487 0.549 0.5402 0.7824 0.7592 0.7464 0.6092 0.6968 0.862 0.8864 0.8984 0.8846 0.8818 0.8952 0.8678 0.869 0.8614 0.8128 0.781 0.7138 0.532 0.338 0.2112 0.1506 0.1502 0.1164 0.1474 0.1422 0.1412 0.139 0.0868 0.085 0.0908 0.1162 0.1188 0.114 0.1346 0.1488 0.1364 0.1138 0.1024 0.139 0.1398 0.1276 0.1138 0.1324 0.117 0.1494 0.193 0.183 0.2116 0.196 0.174 0.173 0.1718
0.5112 0.502 0.4728 0.4706 0.4718 0.4782 0.4782 0.511 0.5508 0.61 0.6392 0.5926 0.6732 0.8592 0.8938 0.8526 0.817 0.7242 0.7632 0.7638 0.7548 0.8718 0.7446 0.806 0.5774 0.7132 0.8908 0.8992 0.892 0.8992 0.8836 0.8772 0.8778 0.8752 0.8704 0.8358 0.7546 0.6076 0.4894 0.4184 0.2308 0.1856 0.1104 0.1018 0.0906 0.108 0.1138 0.1094 0.126 0.0798 0.0894 0.0898 0.0668 0.0894 0.1002 0.14 0.1434 0.1384 0.1168 0.086 0.0986 0.1032 0.1152 0.1504 0.1664 0.1616 0.1914 0.2212 0.2356 0.2178 0.222 0.1844 0.1906 0.198
0.5182 0.4766 0.451 0.4422 0.4226 0.434 0.4154 0.4658 0.5124 0.5888 0.7194 0.8332 0.8714 0.878 0.889 0.8742 0.8714 0.8442 0.8248 0.8278 0.8478 0.8796 0.9138 0.8368 0.846 0.814 0.8738 0.8684 0.8758 0.8776 0.8746 0.8844 0.888 0.8652 0.8974 0.7254 0.5454 0.3738 0.3416 0.296 0.1946 0.1544 0.108 0.1 0.0986 0.127 0.1244 0.0926 0.1332 0.086 0.1044 0.1086 0.087 0.1024 0.099 0.1492 0.161 0.148 0.1266 0.1256 0.1118 0.088 0.1184 0.1138 0.1248 0.1588 0.1966 0.2056 0.2054 0.22 0.1806 0.208 0.227 0.1944
0.523 0.465 0.398 0.3684 0.3706 0.3368 0.3384 0.4102 0.5392 0.7606 0.8396 0.8214 0.848 0.884 0.8852 0.8648 0.896 0.8966 0.896 0.8932 0.896 0.894 0.9006 0.8634 0.8936 0.8822 0.8538 0.8396 0.8238 0.8084 0.8612 0.8934 0.8982 0.8986 0.7534 0.5738 0.2662 0.2308 0.1906 0.1702 0.1626 0.097 0.1082 0.0944 0.1006 0.1038 0.1032 0.1022 0.0992 0.0878 0.0946 0.0864 0.114 0.1678 0.1666 0.2068 0.1926 0.1754 0.199 0.2042 0.206 0.1182 0.1164 0.1244 0.1402 0.1362 0.1746 0.207 0.228 0.2822 0.192 0.2002 0.2314 0.223
0.495 0.4402 0.3802 0.3214 0.2928 0.2616 0.2464 0.2838 0.406 0.4794 0.7088 0.7852 0.794 0.858 0.875 0.8594 0.8616 0.882 0.8574 0.8626 0.866 0.8886 0.8706 0.8754 0.8862 0.8644 0.8332 0.823 0.8104 0.8456 0.8542 0.898 0.9218 0.7674 0.4734 0.3578 0.1424 0.1482 0.2222 0.1994 0.137 0.0924 0.1106 0.103 0.0914 0.0726 0.0776 0.1054 0.107 0.088 0.0848 0.0678 0.0828 0.1358 0.2062 0.2086 0.1854 0.1738 0.213 0.2214 0.197 0.156 0.142 0.1442 0.1348 0.1358 0.2056 0.2188 0.2386 0.216 0.1722 0.1568 0.1666 0.2196
0.5038 0.4554 0.3536 0.2748 0.2346 0.2002 0.1866 0.1796 0.1916 0.214 0.2232 0.2746 0.392 0.5408 0.7444 0.7848 0.8402 0.8486 0.8472 0.8468 0.8376 0.8186 0.819 0.8086 0.8476 0.8334 0.8146 0.7906 0.8258 0.8526 0.8682 0.8766 0.8112 0.5108 0.2544 0.154 0.1062 0.1352 0.1708 0.1604 0.111 0.1046 0.1084 0.1246 0.1204 0.1202 0.1336 0.1246 0.1082 0.1022 0.0872 0.0814 0.0844 0.1058 0.1808 0.171 0.2018 0.2028 0.1986 0.2248 0.1818 0.1896 0.22 0.2274 0.2122 0.1984 0.2524 0.2274 0.259 0.2364 0.1794 0.125 0.1434 0.1522
0.525 0.476 0.3436 0.2378 0.204 0.1822 0.193 0.167 0.1616 0.162 0.1666 0.1646 0.1748 0.181 0.211 0.2562 0.4224 0.691 0.7518 0.7432 0.7724 0.794 0.7292 0.7526 0.8448 0.8194 0.81 0.8136 0.7964 0.858 0.8788 0.864 0.6898 0.3148 0.1544 0.1078 0.0902 0.1028 0.126 0.1638 0.1478 0.0994 0.1092 0.118 0.0976 0.1066 0.1234 0.1408 0.1544 0.1276 0.0958 0.1108 0.0948 0.0956 0.1196 0.1382 0.1952 0.2194 0.2004 0.1998 0.2506 0.2806 0.287 0.2918 0.2818 0.239 0.2566 0.2724 0.2978 0.2782 0.2704 0.166 0.1278 0.1338
0.4398 0.3496 0.2562 0.231 0.1854 0.1838 0.1846 0.17 0.196 0.1802 0.1658 0.1766 0.173 0.1568 0.1408 0.1678 0.1698 0.1938 0.2288 0.3118 0.4072 0.5808 0.5096 0.5126 0.5438 0.4524 0.3454 0.4474 0.4842 0.514 0.486 0.6066 0.3498 0.1664 0.1244 0.0902 0.0836 0.0864 0.1494 0.171 0.1812 0.1206 0.1222 0.1026 0.0974 0.1146 0.1098 0.118 0.153 0.1564 0.1398 0.1122 0.1114 0.1212 0.1392 0.1586 0.1982 0.2008 0.2094 0.2692 0.3136 0.3836 0.3634 0.3938 0.4012 0.3894 0.3686 0.3562 0.38 0.4432 0.4602 0.3516 0.2022 0.151
0.369 0.2834 0.2218 0.2218 0.1898 0.1924 0.1902 0.2134 0.222 0.218 0.1976 0.1968 0.198 0.1876 0.167 0.142 0.1392 0.1474 0.1662 0.1692 0.195 0.2 0.1986 0.1794 0.1808 0.17 0.1588 0.164 0.1774 0.1752 0.1834 0.1834 0.1616 0.154 0.1068 0.1058 0.0978 0.078 0.0838 0.1138 0.1352 0.09 0.0856 0.0802 0.0908 0.1218 0.1244 0.1262 0.141 0.1472 0.152 0.1494 0.1228 0.1076 0.1252 0.1432 0.1498 0.16 0.213 0.2866 0.4122 0.4428 0.482 0.507 0.5236 0.5842 0.5536 0.5132 0.5022 0.526 0.5512 0.449 0.307 0.2126
0.3278 0.2562 0.222 0.2044 0.1904 0.1804 0.1826 0.1824 0.2548 0.2148 0.2118 0.2176 0.1962 0.1968 0.1828 0.1642 0.1704 0.1474 0.1324 0.1364 0.1536 0.1698 0.1738 0.1678 0.1518 0.1348 0.1242 0.129 0.1264 0.1146 0.0844 0.0864 0.1098 0.1174 0.0858 0.0818 0.0966 0.0738 0.0708 0.088 0.1288 0.0888 0.0824 0.0946 0.1108 0.1296 0.135 0.1308 0.1734 0.1596 0.144 0.1472 0.149 0.1524 0.1584 0.2024 0.1356 0.1804 0.2254 0.3672 0.562 0.6026 0.6012 0.6052 0.6724 0.6784 0.662 0.6338 0.6146 0.5938 0.6054 0.4464 0.3568 0.2612
0.3166 0.2584 0.216 0.213 0.1966 0.1636 0.186 0.1616 0.224 0.1918 0.2038 0.2212 0.1834 0.1736 0.1866 0.1918 0.2008 0.1674 0.146 0.14 0.1482 0.1616 0.1682 0.159 0.1648 0.1588 0.1472 0.1588 0.1716 0.1648 0.1178 0.102 0.081 0.069 0.0738 0.079 0.1084 0.1138 0.1086 0.0996 0.1108 0.102 0.106 0.114 0.13 0.1806 0.1594 0.1228 0.1476 0.1266 0.136 0.1428 0.1786 0.2004 0.2028 0.205 0.2158 0.182 0.2706 0.5386 0.6498 0.6936 0.7434 0.7408 0.7338 0.671 0.6756 0.6918 0.638 0.611 0.604 0.5678 0.4962 0.3684
0.3096 0.2622 0.239 0.2312 0.2058 0.177 0.1906 0.2592 0.1736 0.1942 0.2192 0.173 0.1656 0.1608 0.1834 0.1646 0.1852 0.1794 0.1554 0.1516 0.1458 0.159 0.1726 0.1542 0.1546 0.1702 0.1566 0.1738 0.1866 0.1774 0.1234 0.0934 0.0818 0.0924 0.1154 0.107 0.117 0.121 0.1232 0.1114 0.1264 0.1202 0.1112 0.1282 0.1472 0.1386 0.1528 0.1278 0.129 0.1438 0.1244 0.1438 0.167 0.2184 0.2328 0.277 0.333 0.3574 0.5222 0.6922 0.7502 0.7768 0.8142 0.8352 0.8002 0.7684 0.7656 0.7118 0.6904 0.6106 0.5662 0.6472 0.6496 0.587
0.3482 0.2854 0.259 0.2368 0.199 0.1754 0.1822 0.2146 0.166 0.1714 0.1772 0.1866 0.1958 0.163 0.1346 0.137 0.1524 0.1606 0.1572 0.167 0.1752 0.1604 0.1532 0.1442 0.1568 0.1604 0.1528 0.1694 0.166 0.17 0.129 0.1158 0.123 0.1182 0.1566 0.1496 0.1398 0.1406 0.1338 0.1384 0.1216 0.1146 0.1074 0.122 0.133 0.1186 0.1148 0.107 0.14 0.1064 0.1248 0.1712 0.2084 0.2182 0.2838 0.3584 0.4584 0.5736 0.6938 0.7898 0.8216 0.7664 0.8368 0.8422 0.8766 0.8252 0.8192 0.7056 0.6358 0.5536 0.5958 0.6754 0.733 0.7328
0.232 0.302 0.192 0.2498 0.226 0.1844 0.1744 0.162 0.1584 0.1694 0.191 0.172 0.18 0.179 0.1742 0.1658 0.1618 0.1614 0.1486 0.1508 0.1524 0.164 0.1472 0.1506 0.1466 0.173 0.1544 0.1714 0.172 0.1566 0.1138 0.1088 0.1218 0.1314 0.1406 0.1546 0.1514 0.1638 0.1542 0.1474 0.1292 0.1092 0.1124 0.1108 0.1464 0.1142 0.107 0.1176 0.1454 0.1722 0.1788 0.2518 0.2406 0.2504 0.2604 0.412 0.6078 0.7184 0.7518 0.8072 0.822 0.822 0.8392 0.81 0.9036 0.9172 0.8724 0.7346 0.631 0.5836 0.7122 0.7524 0.7574 0.7692
0.2138 0.2086 0.1764 0.1826 0.2356 0.2192 0.1772 0.1822 0.1678 0.1806 0.175 0.1882 0.169 0.1824 0.1918 0.1742 0.1824 0.1888 0.1688 0.1756 0.1596 0.161 0.153 0.1358 0.1336 0.1572 0.149 0.1524 0.149 0.1326 0.1048 0.1164 0.1206 0.1144 0.132 0.1524 0.1402 0.148 0.1492 0.1328 0.126 0.0956 0.1028 0.102 0.1358 0.0988 0.1084 0.1474 0.152 0.1436 0.181 0.2506 0.2298 0.1958 0.2212 0.4388 0.6484 0.719 0.7582 0.7888 0.8418 0.8568 0.8534 0.8844 0.8882 0.9292 0.928 0.8332 0.7924 0.7694 0.7764 0.8102 0.8174 0.807
0.2064 0.205 0.178 0.1788 0.1714 0.1676 0.2162 0.211 0.192 0.1852 0.1906 0.1854 0.1552 0.1574 0.1558 0.1366 0.1556 0.174 0.1838 0.169 0.178 0.1648 0.1704 0.1326 0.1244 0.1388 0.13 0.1282 0.113 0.1126 0.1134 0.1308 0.1346 0.1416 0.1388 0.1428 0.1176 0.1736 0.1292 0.1244 0.1272 0.1046 0.0992 0.0992 0.1244 0.102 0.1248 0.163 0.1918 0.1952 0.207 0.2648 0.2948 0.2756 0.3334 0.5696 0.7446 0.7924 0.8494 0.872 0.9046 0.8764 0.8944 0.9312 0.9326 0.941 0.9382 0.9388 0.9148 0.9122 0.9202 0.9176 0.9182 0.894
0.259 0.2076 0.1916 0.186 0.1832 0.1716 0.1748 0.1714 0.1712 0.2134 0.1526 0.1294 0.1652 0.1496 0.1578 0.1286 0.1534 0.1716 0.1664 0.1336 0.1346 0.1358 0.1454 0.1248 0.1194 0.1296 0.1352 0.1072 0.1006 0.0936 0.1084 0.1334 0.1392 0.12 0.1398 0.1008 0.1236 0.1798 0.1786 0.1824 0.2066 0.1612 0.126 0.1104 0.1096 0.1282 0.1472 0.1834 0.2156 0.2196 0.23 0.3326 0.415 0.4468 0.526 0.6634 0.73 0.725 0.8288 0.8734 0.9266 0.895 0.8808 0.8962 0.924 0.9248 0.8998 0.9082 0.8944 0.9274 0.9334 0.9438 0.922 0.916
0.207 0.215 0.2366 0.22 0.2162 0.1982 0.1834 0.1928 0.1874 0.1778 0.1612 0.144 0.142 0.2082 0.2006 0.1792 0.1716 0.1966 0.1786 0.1566 0.1482 0.136 0.1306 0.1332 0.1286 0.137 0.1414 0.1304 0.151 0.1284 0.1232 0.1376 0.1356 0.1138 0.1076 0.1038 0.148 0.167 0.1956 0.2052 0.2212 0.193 0.1684 0.1508 0.1518 0.1582 0.2088 0.2582 0.271 0.2752 0.2932 0.4106 0.63 0.7066 0.7144 0.7134 0.727 0.6796 0.8228 0.9018 0.904 0.9068 0.8884 0.8822 0.8878 0.8948 0.8812 0.873 0.8882 0.9142 0.9312 0.9362 0.9316 0.9322
0.2348 0.2464 0.2604 0.2556 0.249 0.2334 0.2286 0.204 0.2038 0.199 0.1754 0.1632 0.259 0.247 0.2378 0.2088 0.1982 0.2162 0.2218 0.2178 0.1954 0.17 0.1884 0.1612 0.1572 0.16 0.1632 0.1496 0.1236 0.1194 0.117 0.1308 0.1448 0.1176 0.107 0.1414 0.179 0.1938 0.205 0.2232 0.2208 0.2068 0.197 0.1768 0.1892 0.2284 0.2642 0.312 0.3376 0.347 0.3652 0.4932 0.6944 0.7318 0.6852 0.718 0.782 0.7468 0.8374 0.8896 0.889 0.873 0.8884 0.8924 0.8792 0.8872 0.8762 0.8758 0.8758 0.9098 0.9132 0.923 0.9272 0.9388
0.275 0.2856 0.305 0.31 0.3108 0.2996 0.2752 0.254 0.2458 0.2218 0.188 0.1712 0.2872 0.287 0.2638 0.2692 0.267 0.2764 0.2796 0.2828 0.2622 0.2238 0.238 0.2044 0.1944 0.1828 0.1924 0.1776 0.164 0.1426 0.1402 0.133 0.158 0.1196 0.1316 0.1738 0.1894 0.2056 0.2304 0.283 0.2776 0.2552 0.2614 0.2338 0.2968 0.3474 0.378 0.397 0.483 0.446 0.5562 0.6822 0.8234 0.8172 0.7626 0.8304 0.8768 0.865 0.892 0.906 0.8924 0.8886 0.8684 0.8726 0.8988 0.8858 0.8724 0.866 0.8776 0.8868 0.9122 0.904 0.9082 0.9248
0.3022 0.3304 0.3398 0.3624 0.3566 0.3506 0.3396 0.3116 0.286 0.2544 0.2376 0.243 0.2002 0.2952 0.2944 0.3126 0.3172 0.3906 0.3512 0.344 0.3408 0.2518 0.2472 0.2322 0.2242 0.216 0.2242 0.2128 0.181 0.16 0.1638 0.1592 0.1514 0.157 0.1626 0.2118 0.2444 0.3074 0.3376 0.3952 0.3914 0.4044 0.3832 0.369 0.4306 0.4714 0.5108 0.473 0.4806 0.4906 0.5944 0.7398 0.8336 0.8416 0.848 0.884 0.9036 0.9018 0.9026 0.9118 0.9174 0.8736 0.8632 0.8896 0.8926 0.8618 0.8732 0.887 0.8972 0.9072 0.9234 0.925 0.9108 0.895
0.3656 0.373 0.3732 0.3936 0.3942 0.391 0.3814 0.3624 0.345 0.31 0.284 0.3032 0.2376 0.3316 0.3246 0.347 0.3428 0.3986 0.3784 0.3722 0.3672 0.2688 0.2512 0.2426 0.2558 0.246 0.261 0.2624 0.2504 0.2428 0.2606 0.252 0.274 0.2098 0.2498 0.267 0.4056 0.479 0.5398 0.5672 0.581 0.5702 0.5758 0.594 0.6248 0.683 0.7216 0.7182 0.5378 0.588 0.7466 0.8488 0.8698 0.8874 0.8936 0.9066 0.9112 0.9144 0.9146 0.9046 0.9054 0.8902 0.8986 0.9082 0.8868 0.8472 0.8298 0.879 0.9284 0.9184 0.9398 0.9264 0.9114 0.9042
0.3904 0.4004 0.4014 0.4184 0.4164 0.4242 0.4036 0.3998 0.3816 0.3606 0.3534 0.3388 0.2748 0.2646 0.3766 0.3536 0.335 0.3604 0.3812 0.3822 0.3596 0.3536 0.3116 0.2806 0.3062 0.3086 0.3198 0.3308 0.3466 0.3688 0.3964 0.4142 0.3412 0.331 0.2942 0.4166 0.5426 0.5926 0.6228 0.6526 0.6572 0.6308 0.6654 0.7268 0.763 0.7954 0.817 0.7054 0.7324 0.6762 0.5996 0.7808 0.889 0.9096 0.905 0.91 0.9176 0.9134 0.915 0.87 0.8922 0.8964 0.924 0.9236 0.8848 0.8194 0.845 0.8952 0.9278 0.9266 0.9216 0.9386 0.9266 0.906
0.4238 0.4394 0.4356 0.4658 0.4572 0.4512 0.4286 0.4102 0.3988 0.3894 0.3634 0.399 0.331 0.3076 0.4406 0.4038 0.3736 0.4124 0.391 0.3928 0.375 0.3452 0.3712 0.3502 0.3746 0.3892 0.4136 0.4344 0.4644 0.5016 0.5706 0.6042 0.6454 0.4718 0.609 0.5614 0.5798 0.6026 0.6866 0.7796 0.7864 0.7908 0.8068 0.8652 0.911 0.9054 0.9122 0.8594 0.8294 0.7392 0.764 0.6688 0.8432 0.8796 0.9206 0.9298 0.9074 0.9046 0.8808 0.8588 0.8654 0.8932 0.9292 0.9546 0.9304 0.8492 0.9182 0.9462 0.9544 0.9432 0.9352 0.9302 0.9184 0.917
0.4412 0.458 0.4716 0.503 0.5024 0.4952 0.461 0.4364 0.4212 0.421 0.4234 0.4252 0.3964 0.362 0.496 0.4934 0.486 0.4664 0.3926 0.4184 0.3512 0.3122 0.3484 0.3284 0.3972 0.4388 0.4728 0.5116 0.5578 0.5962 0.6534 0.6794 0.7316 0.7562 0.687 0.704 0.6388 0.6818 0.7578 0.8238 0.867 0.8696 0.8826 0.9116 0.9362 0.9066 0.9058 0.8922 0.8942 0.9012 0.8454 0.7398 0.7632 0.8848 0.9262 0.9284 0.9314 0.9116 0.9038 0.8638 0.8524 0.8814 0.9164 0.9446 0.9442 0.9414 0.949 0.9546 0.949 0.9386 0.9322 0.9312 0.9286 0.9218
0.4682 0.4998 0.5018 0.5468 0.5164 0.5166 0.4978 0.4746 0.456 0.4624 0.4714 0.4778 0.457 0.4412 0.5632 0.5584 0.5418 0.5214 0.4726 0.4328 0.3614 0.3244 0.3502 0.3922 0.442 0.491 0.5452 0.586 0.639 0.6836 0.738 0.7616 0.8062 0.8328 0.8646 0.8982 0.861 0.794 0.855 0.9164 0.9142 0.9356 0.9396 0.9404 0.9448 0.9068 0.8396 0.8914 0.8982 0.913 0.89 0.8466 0.841 0.908 0.9324 0.9468 0.9398 0.8976 0.8956 0.87 0.828 0.8808 0.9168 0.9506 0.9552 0.9524 0.9502 0.9334 0.9478 0.9508 0.9422 0.941 0.9376 0.923
0.4774 0.5294 0.5274 0.5306 0.5362 0.544 0.5408 0.5356 0.543 0.539 0.5146 0.5046 0.5168 0.4888 0.589 0.5884 0.57 0.5698 0.5052 0.4538 0.3962 0.3312 0.3826 0.3844 0.4534 0.5362 0.586 0.6318 0.6914 0.7088 0.7448 0.7734 0.812 0.8302 0.8768 0.8754 0.9002 0.8668 0.9166 0.9438 0.9444 0.9438 0.94 0.9402 0.9504 0.9308 0.887 0.9196 0.903 0.8998 0.91 0.9134 0.9282 0.948 0.9646 0.9712 0.943 0.8882 0.8626 0.8568 0.816 0.8388 0.8924 0.9606 0.9532 0.9142 0.8276 0.8206 0.9394 0.946 0.9484 0.9484 0.948 0.9322
0.492 0.5082 0.5324 0.54 0.5522 0.5696 0.6028 0.592 0.5874 0.5828 0.578 0.5512 0.558 0.5632 0.6612 0.6842 0.6486 0.602 0.5976 0.552 0.5158 0.4426 0.4342 0.493 0.5526 0.6208 0.7256 0.7534 0.764 0.7974 0.7976 0.809 0.8464 0.884 0.8818 0.8802 0.8788 0.8688 0.9066 0.9324 0.9378 0.959 0.9546 0.9332 0.949 0.9494 0.9208 0.9158 0.9076 0.9118 0.9266 0.9368 0.9548 0.9724 0.9364 0.9124 0.866 0.9406 0.8614 0.8538 0.7678 0.84 0.9252 0.9358 0.9478 0.9058 0.7762 0.7684 0.8998 0.9364 0.956 0.9484 0.9464 0.9262
0.5122 0.5126 0.5316 0.5348 0.557 0.5778 0.603 0.6016 0.5908 0.5842 0.613 0.6158 0.6158 0.6204 0.6136 0.7178 0.7046 0.6886 0.6598 0.6038 0.5556 0.5536 0.5724 0.5784 0.6122 0.6644 0.7486 0.7786 0.8012 0.8106 0.7802 0.704 0.8124 0.892 0.881 0.8888 0.8012 0.7554 0.8272 0.922 0.9414 0.9388 0.9396 0.9324 0.94 0.9412 0.9228 0.9078 0.9082 0.9172 0.9282 0.9438 0.9738 0.9818 0.9134 0.8994 0.9018 0.9556 0.929 0.8574 0.7968 0.8786 0.9042 0.8768 0.9032 0.9018 0.8354 0.7854 0.9226 0.9618 0.966 0.9608 0.9544 0.9542
0.486 0.5134 0.5032 0.5228 0.5348 0.5606 0.5884 0.5922 0.5852 0.593 0.642 0.6572 0.6932 0.7026 0.702 0.782 0.7772 0.7486 0.735 0.733 0.6756 0.6734 0.6654 0.6742 0.6926 0.727 0.7596 0.7882 0.815 0.8086 0.4334 0.453 0.4088 0.622 0.8502 0.8842 0.785 0.7326 0.8048 0.9218 0.9532 0.9402 0.9564 0.9688 0.9598 0.9578 0.9396 0.9392 0.9344 0.927 0.942 0.955 0.9726 0.9746 0.9124 0.8842 0.893 0.974 0.9448 0.9224 0.9028 0.8902 0.8636 0.7704 0.8468 0.8686 0.8886 0.8644 0.9174 0.9436 0.9568 0.9648 0.9654 0.9292
