Initial_model/basin_likelihood.txt
ncols         667
nrows         667
xllcorner     -3335000
yllcorner     -3335000
cellsize      10000
NODATA_value  -9999
[rows 231 to 263 of 667, columns 74 to 147 of 667]
-9999 -9999 -9999 0.9094 0.9504 0.9642 0.962 0.9806 0.9626 0.958 0.9322 0.8668 0.9032 0.9638 0.9634 0.9436 0.6772 0.4044 0.3306 0.2968 0.4856 0.2426 0.1168 0.1178 0.1476 0.1644 0.1834 0.1602 0.2114 0.2116 0.193 0.1742 0.1846 0.1676 0.1996 0.1772 0.235 0.4114 0.3234 0.3004 0.3358 0.3606 0.4312 0.4274 0.452 0.4324 0.426 0.401 0.3928 0.3918 0.3774 0.337 0.3008 0.2204 0.2398 0.3496 0.3 0.2708 0.2798 0.1914 0.275 0.2796 0.2684 0.3512 0.3988 0.337 0.2994 0.3186 0.409 0.4792 0.2646 0.283 0.2892 0.3386
-9999 -9999 -9999 -9999 0.9434 0.947 0.9758 0.9818 0.98 0.9746 0.9452 0.9588 0.9602 0.9762 0.9686 0.9306 0.853 0.7028 0.31 0.251 0.2218 0.3004 0.4292 0.3184 0.1896 0.185 0.173 0.176 0.1938 0.2126 0.1576 0.156 0.2048 0.1606 0.17 0.1868 0.2428 0.3814 0.3484 0.2682 0.37 0.2766 0.3924 0.4244 0.4334 0.3908 0.4456 0.3516 0.3462 0.2994 0.2374 0.194 0.1802 0.2056 0.2028 0.232 0.2414 0.2814 0.232 0.256 0.2672 0.2664 0.1884 0.2156 0.2142 0.2514 0.3102 0.3258 0.3624 0.3772 0.3176 0.335 0.368 0.3006
-9999 -9999 -9999 -9999 -9999 0.9152 0.9664 0.9854 0.9864 0.9874 0.9812 0.9822 0.9836 0.979 0.9684 0.9448 0.9024 0.8356 0.6394 0.3684 0.4558 0.4386 0.3672 0.268 0.286 0.2672 0.265 0.2464 0.212 0.1524 0.1546 0.1572 0.1922 0.1942 0.213 0.1972 0.2212 0.2776 0.2126 0.2416 0.3506 0.267 0.3694 0.3832 0.3172 0.3072 0.3584 0.2718 0.2604 0.2746 0.2252 0.1798 0.1624 0.2176 0.2068 0.2538 0.2418 0.2516 0.2502 0.28 0.2712 0.2014 0.1786 0.2086 0.165 0.1918 0.2522 0.2612 0.3346 0.2502 0.2552 0.394 0.3092 0.3012
-9999 -9999 -9999 -9999 -9999 0.8868 0.927 0.9728 0.9846 0.989 0.9912 0.9868 0.9838 0.9598 0.9636 0.9706 0.937 0.9332 0.8706 0.7032 0.553 0.4506 0.2294 0.1324 0.2812 0.1184 0.1392 0.2052 0.2524 0.186 0.1782 0.1422 0.202 0.152 0.1336 0.223 0.2184 0.252 0.2434 0.2366 0.3234 0.2358 0.2666 0.392 0.2938 0.3328 0.3454 0.2826 0.22 0.2322 0.2052 0.2548 0.222 0.2212 0.2182 0.2584 0.2486 0.298 0.236 0.2764 0.255 0.2584 0.2516 0.2428 0.2628 0.2054 0.23 0.312 0.3542 0.2234 0.2948 0.3006 0.3032 0.3648
-9999 -9999 -9999 -9999 -9999 -9999 0.9058 0.9528 0.9838 0.9936 0.9904 0.99 0.9778 0.9726 0.9792 0.9796 0.9668 0.958 0.825 0.5126 0.3658 0.2458 0.3022 0.152 0.1872 0.2552 0.2096 0.18 0.141 0.176 0.1924 0.1694 0.1674 0.1602 0.1814 0.1828 0.1932 0.2512 0.2438 0.2276 0.2304 0.212 0.2188 0.2134 0.2348 0.4058 0.345 0.2372 0.2506 0.2148 0.291 0.252 0.2754 0.2584 0.224 0.3404 0.2582 0.2772 0.2962 0.3012 0.2904 0.307 0.3044 0.2852 0.3074 0.2896 0.2418 0.2496 0.274 0.2132 0.2208 0.294 0.2522 0.2782
-9999 -9999 -9999 -9999 -9999 -9999 0.8324 0.9306 0.9658 0.9832 0.9858 0.9858 0.982 0.9778 0.9768 0.9802 0.9662 0.9416 0.889 0.6532 0.522 0.2932 0.1686 0.3118 0.1644 0.278 0.1694 0.211 0.232 0.2128 0.2168 0.1672 0.2466 0.1816 0.1568 0.1886 0.184 0.2018 0.207 0.1754 0.1886 0.2108 0.2084 0.2082 0.2544 0.2998 0.3498 0.2952 0.2312 0.2264 0.22 0.2658 0.2838 0.2612 0.2266 0.3166 0.2928 0.2436 0.2788 0.2598 0.3284 0.3182 0.2878 0.2932 0.293 0.3036 0.2916 0.244 0.3296 0.2088 0.2546 0.2996 0.2994 0.3094
-9999 -9999 -9999 -9999 -9999 -9999 -9999 0.9178 0.9336 0.9758 0.972 0.9912 0.984 0.9856 0.983 0.9838 0.9696 0.968 0.9336 0.7432 0.5302 0.3478 0.2094 0.3042 0.2088 0.3272 0.166 0.1784 0.239 0.2416 0.159 0.2018 0.2074 0.1878 0.1742 0.1694 0.1524 0.1806 0.1918 0.1716 0.1846 0.2286 0.2178 0.2014 0.2232 0.1924 0.1978 0.271 0.2746 0.2584 0.1934 0.2564 0.2482 0.2902 0.2604 0.287 0.3068 0.3042 0.2144 0.2532 0.2948 0.2836 0.3514 0.3318 0.2274 0.2606 0.2624 0.268 0.3208 0.238 0.2576 0.255 0.2958 0.3268
-9999 -9999 -9999 -9999 -9999 -9999 -9999 0.712 0.926 0.956 0.9736 0.9874 0.985 0.9872 0.9862 0.9834 0.984 0.9818 0.9628 0.8404 0.517 0.2986 0.2134 0.2466 0.2072 0.1662 0.167 0.1504 0.215 0.2146 0.2602 0.1784 0.1692 0.1848 0.1888 0.1832 0.1642 0.1594 0.2102 0.1516 0.1624 0.2004 0.1686 0.1936 0.2134 0.191 0.205 0.225 0.2542 0.2338 0.2624 0.2482 0.2834 0.3154 0.2974 0.365 0.3864 0.3338 0.3636 0.2618 0.2232 0.3006 0.3768 0.3954 0.2724 0.2842 0.3376 0.3332 0.292 0.2534 0.2448 0.2226 0.2766 0.259
-9999 -9999 -9999 -9999 -9999 -9999 -9999 -9999 0.865 0.949 0.9652 0.9658 0.9686 0.9836 0.9916 0.9884 0.9834 0.9834 0.98 0.9518 0.7526 0.4174 0.207 0.1994 0.2322 0.178 0.1608 0.1286 0.3214 0.3584 0.3058 0.1528 0.184 0.1586 0.2506 0.1848 0.1924 0.2016 0.2322 0.1988 0.185 0.1816 0.1918 0.182 0.1954 0.223 0.2014 0.2362 0.2378 0.233 0.2454 0.2758 0.2712 0.2924 0.3548 0.2976 0.3256 0.323 0.444 0.4074 0.352 0.3274 0.3344 0.3724 0.3348 0.239 0.2492 0.2948 0.3362 0.264 0.2794 0.283 0.2232 0.2622
-9999 -9999 -9999 -9999 -9999 -9999 -9999 -9999 -9999 0.9518 0.947 0.9548 0.979 0.983 0.9924 0.9932 0.984 0.9856 0.9756 0.9622 0.7926 0.6404 0.2968 0.2208 0.219 0.1986 0.1642 0.1596 0.1924 0.266 0.443 0.2512 0.1426 0.1768 0.3026 0.2346 0.2794 0.2726 0.3442 0.302 0.2646 0.213 0.152 0.1858 0.2148 0.199 0.2152 0.2152 0.2322 0.2312 0.1926 0.2604 0.2644 0.2782 0.3096 0.2842 0.2616 0.2662 0.3616 0.3746 0.3856 0.3144 0.2296 0.2392 0.2916 0.315 0.2992 0.306 0.2918 0.2632 0.2418 0.2592 0.2396 0.2494
-9999 -9999 -9999 -9999 -9999 -9999 -9999 -9999 -9999 0.9444 0.9618 0.9526 0.971 0.9824 0.9914 0.9928 0.9922 0.9906 0.9798 0.9226 0.8628 0.6708 0.7598 0.4038 0.2498 0.2344 0.192 0.1814 0.1866 0.2022 0.276 0.436 0.4574 0.3416 0.4294 0.482 0.4962 0.3888 0.4142 0.3388 0.2656 0.2434 0.2188 0.188 0.1938 0.2426 0.2308 0.2146 0.1942 0.1886 0.1832 0.1814 0.1884 0.206 0.2038 0.2432 0.1858 0.1982 0.2858 0.3102 0.2736 0.241 0.193 0.1448 0.1962 0.219 0.2564 0.2602 0.3068 0.2608 0.2496 0.2454 0.291 0.2414
-9999 -9999 -9999 -9999 -9999 -9999 -9999 -9999 -9999 0.9218 0.948 0.9696 0.9768 0.983 0.9882 0.993 0.992 0.9912 0.9666 0.9308 0.8298 0.8414 0.9104 0.7968 0.387 0.2646 0.304 0.2424 0.188 0.171 0.2336 0.324 0.4342 0.4774 0.3776 0.549 0.5698 0.5508 0.4388 0.2792 0.522 0.4374 0.2534 0.2532 0.199 0.2484 0.2544 0.2278 0.261 0.2118 0.1426 0.186 0.137 0.2088 0.1624 0.1868 0.1984 0.1848 0.1834 0.2652 0.2036 0.1996 0.192 0.1818 0.1976 0.2186 0.2826 0.2676 0.3108 0.2516 0.277 0.2508 0.2964 0.292
-9999 -9999 -9999 -9999 -9999 -9999 -9999 -9999 -9999 0.8958 0.9392 0.9618 0.9764 0.973 0.9918 0.994 0.9942 0.995 0.9724 0.9252 0.8858 0.9266 0.9542 0.878 0.8316 0.3592 0.2968 0.206 0.1608 0.1726 0.1598 0.1986 0.3552 0.5404 0.6248 0.6432 0.6582 0.5328 0.4974 0.5486 0.6232 0.6798 0.6234 0.3096 0.2076 0.243 0.2702 0.3368 0.3152 0.2354 0.2494 0.1916 0.2594 0.2312 0.1608 0.1756 0.1674 0.183 0.1414 0.1646 0.1424 0.1598 0.1774 0.1608 0.2652 0.1946 0.2402 0.2746 0.267 0.289 0.2596 0.248 0.18 0.229
-9999 -9999 -9999 -9999 -9999 -9999 -9999 -9999 -9999 -9999 0.9442 0.9686 0.9768 0.9836 0.993 0.993 0.992 0.992 0.981 0.9518 0.925 0.9432 0.9458 0.9354 0.9162 0.8192 0.3574 0.2798 0.2208 0.2164 0.163 0.1972 0.3252 0.4492 0.586 0.6974 0.7356 0.6402 0.6212 0.6066 0.5758 0.6574 0.7418 0.6776 0.2478 0.238 0.2392 0.403 0.2806 0.2664 0.2652 0.263 0.2436 0.1722 0.1638 0.1424 0.1718 0.1544 0.1312 0.1264 0.1486 0.1558 0.1884 0.152 0.1688 0.1656 0.2102 0.213 0.2402 0.23 0.1988 0.2708 0.1958 0.217
-9999 -9999 -9999 -9999 -9999 -9999 -9999 -9999 -9999 -9999 0.7088 0.9562 0.9764 0.9884 0.9906 0.9896 0.9922 0.9884 0.9786 0.9768 0.9562 0.9568 0.963 0.9506 0.938 0.8774 0.6298 0.3556 0.2926 0.3638 0.2764 0.268 0.3186 0.3076 0.5494 0.6052 0.7798 0.772 0.6828 0.697 0.6932 0.6458 0.7022 0.6394 0.496 0.3774 0.4358 0.3716 0.3116 0.2334 0.296 0.1808 0.2138 0.1722 0.1582 0.1768 0.1622 0.1334 0.1262 0.1314 0.1698 0.1514 0.134 0.1542 0.1396 0.1328 0.139 0.1232 0.2084 0.2 0.2018 0.2076 0.211 0.1932
-9999 -9999 -9999 -9999 -9999 -9999 -9999 -9999 -9999 -9999 -9999 0.8066 0.9346 0.9682 0.9864 0.9928 0.9836 0.9928 0.9906 0.9916 0.9838 0.987 0.9774 0.9486 0.9368 0.8896 0.7468 0.6942 0.3458 0.4404 0.3842 0.3564 0.3398 0.4266 0.405 0.4698 0.7134 0.5974 0.598 0.6364 0.666 0.6696 0.5574 0.5402 0.5246 0.5054 0.4944 0.5324 0.3652 0.2194 0.2558 0.2162 0.3164 0.2308 0.1852 0.184 0.1314 0.1522 0.1488 0.1406 0.1252 0.1248 0.1406 0.1262 0.1288 0.1708 0.1428 0.1694 0.1566 0.1624 0.205 0.1632 0.2038 0.221
-9999 -9999 -9999 -9999 -9999 -9999 -9999 -9999 -9999 -9999 -9999 -9999 0.7628 0.9552 0.9728 0.987 0.9926 0.9942 0.9958 0.9942 0.9922 0.9924 0.9888 0.9638 0.9326 0.82 0.6436 0.412 0.397 0.561 0.4418 0.308 0.6346 0.6864 0.7156 0.6444 0.6238 0.376 0.5972 0.5684 0.5672 0.6428 0.5422 0.5354 0.5178 0.46 0.4588 0.5648 0.3652 0.3064 0.2796 0.2392 0.3322 0.2454 0.2076 0.163 0.143 0.1622 0.171 0.1238 0.192 0.1506 0.158 0.161 0.2202 0.2002 0.1504 0.1562 0.1022 0.191 0.2316 0.1642 0.1834 0.199
-9999 -9999 -9999 -9999 -9999 -9999 -9999 -9999 -9999 -9999 -9999 -9999 -9999 0.8954 0.9598 0.9748 0.9878 0.9914 0.9924 0.991 0.9828 0.9852 0.9872 0.9794 0.947 0.8584 0.7886 0.6022 0.7124 0.7316 0.566 0.6354 0.7528 0.743 0.8088 0.7122 0.5562 0.4906 0.5456 0.3544 0.364 0.446 0.4982 0.5496 0.5468 0.4546 0.5438 0.5044 0.311 0.3274 0.216 0.2928 0.2898 0.2564 0.2552 0.2014 0.155 0.1428 0.1608 0.1648 0.1424 0.22 0.1982 0.2408 0.2506 0.2406 0.1346 0.1586 0.1834 0.2872 0.2354 0.1962 0.1984 0.1694
-9999 -9999 -9999 -9999 -9999 -9999 -9999 -9999 -9999 -9999 -9999 -9999 -9999 -9999 0.903 0.9586 0.981 0.989 0.9896 0.9912 0.993 0.9888 0.9924 0.991 0.9776 0.9252 0.8766 0.8834 0.8492 0.863 0.7974 0.7942 0.8612 0.7416 0.8156 0.7292 0.624 0.4482 0.671 0.4084 0.5128 0.554 0.4832 0.5422 0.424 0.4894 0.4696 0.486 0.2964 0.2486 0.28 0.2704 0.3244 0.2688 0.2706 0.2222 0.2412 0.2136 0.1944 0.1542 0.2624 0.2194 0.2862 0.3108 0.265 0.188 0.2326 0.1802 0.1892 0.267 0.24 0.1978 0.1892 0.2264
-9999 -9999 -9999 -9999 -9999 -9999 -9999 -9999 -9999 -9999 -9999 -9999 -9999 -9999 0.8398 0.906 0.961 0.9816 0.991 0.9958 0.9946 0.9948 0.9934 0.991 0.983 0.9728 0.938 0.944 0.9542 0.9562 0.9278 0.9242 0.9044 0.8714 0.8622 0.7668 0.7234 0.678 0.7018 0.499 0.388 0.5818 0.605 0.5914 0.4462 0.3332 0.3234 0.446 0.2236 0.211 0.245 0.3316 0.313 0.3658 0.2482 0.3048 0.2904 0.2856 0.229 0.2974 0.2712 0.2962 0.3306 0.2378 0.278 0.1658 0.1764 0.2178 0.1736 0.1752 0.1744 0.1484 0.1886 0.1768
-9999 -9999 -9999 -9999 -9999 -9999 -9999 -9999 -9999 -9999 -9999 -9999 -9999 -9999 -9999 0.861 0.9496 0.9838 0.9922 0.9932 0.9944 0.9944 0.995 0.9942 0.9914 0.9768 0.9746 0.9754 0.9794 0.9654 0.9538 0.9506 0.9454 0.9382 0.911 0.7184 0.5494 0.6146 0.5396 0.4114 0.6042 0.426 0.5124 0.538 0.4422 0.3806 0.3486 0.4892 0.225 0.1998 0.232 0.3028 0.3402 0.2846 0.2988 0.2822 0.2748 0.2768 0.3196 0.3266 0.2228 0.2614 0.2296 0.235 0.2822 0.2446 0.2512 0.2706 0.21 0.1998 0.1916 0.1442 0.1964 0.1724
-9999 -9999 -9999 -9999 -9999 -9999 -9999 -9999 -9999 -9999 -9999 -9999 -9999 -9999 -9999 -9999 0.9514 0.9772 0.9884 0.9918 0.9952 0.9944 0.995 0.9944 0.9924 0.9912 0.982 0.966 0.9782 0.9668 0.9578 0.9486 0.9486 0.9544 0.9262 0.8138 0.7846 0.708 0.6394 0.56 0.535 0.6374 0.6536 0.6686 0.506 0.389 0.4178 0.4636 0.3948 0.3934 0.3956 0.4346 0.4126 0.3502 0.2914 0.2726 0.2958 0.3006 0.2694 0.2846 0.28 0.2744 0.205 0.2212 0.2354 0.1934 0.1916 0.1778 0.1984 0.117 0.173 0.2022 0.1998 0.2474
-9999 -9999 -9999 -9999 -9999 -9999 -9999 -9999 -9999 -9999 -9999 -9999 -9999 -9999 -9999 -9999 -9999 0.9658 0.9878 0.9884 0.991 0.9958 0.9962 0.997 0.9952 0.9928 0.9892 0.9876 0.97 0.9298 0.8888 0.8966 0.9206 0.947 0.9476 0.8908 0.835 0.7412 0.6632 0.6422 0.6698 0.7636 0.6746 0.8648 0.782 0.4604 0.5652 0.4818 0.4734 0.4884 0.486 0.4502 0.4622 0.371 0.35 0.3596 0.367 0.351 0.3664 0.4294 0.3674 0.3018 0.3004 0.2808 0.3334 0.3222 0.2688 0.259 0.2844 0.1826 0.2048 0.1836 0.2236 0.2278
-9999 -9999 -9999 -9999 -9999 -9999 -9999 -9999 -9999 -9999 -9999 -9999 -9999 -9999 -9999 -9999 -9999 0.932 0.974 0.9862 0.9894 0.9932 0.994 0.9908 0.996 0.9946 0.9876 0.9888 0.984 0.9808 0.9286 0.8928 0.9322 0.9382 0.95 0.9624 0.9016 0.6424 0.5526 0.507 0.4438 0.451 0.4654 0.4704 0.4842 0.4672 0.365 0.3644 0.359 0.3482 0.3952 0.4246 0.4282 0.4496 0.4722 0.4856 0.504 0.4952 0.5118 0.5448 0.5276 0.5322 0.529 0.4698 0.4736 0.5056 0.4426 0.4412 0.4074 0.2758 0.2282 0.2466 0.2282 0.2702
-9999 -9999 -9999 -9999 -9999 -9999 -9999 -9999 -9999 -9999 -9999 -9999 -9999 -9999 -9999 -9999 -9999 0.8976 0.9558 0.979 0.9882 0.9882 0.9896 0.9932 0.9964 0.9948 0.9928 0.9948 0.9902 0.9852 0.9712 0.9258 0.9282 0.97 0.9552 0.9028 0.8576 0.7686 0.7168 0.4 0.3196 0.2742 0.2068 0.3204 0.279 0.2582 0.2408 0.2124 0.2302 0.2494 0.2192 0.2722 0.3228 0.331 0.417 0.4316 0.4158 0.3742 0.356 0.348 0.3484 0.3994 0.5052 0.5182 0.5886 0.5626 0.6088 0.5812 0.5238 0.4724 0.428 0.35 0.2632 0.358
-9999 -9999 -9999 -9999 -9999 -9999 -9999 -9999 -9999 -9999 -9999 -9999 -9999 -9999 -9999 -9999 -9999 -9999 0.9524 0.9776 0.983 0.9802 0.987 0.9912 0.9946 0.9958 0.9918 0.986 0.9884 0.9858 0.9824 0.9742 0.9456 0.9536 0.9088 0.7996 0.5774 0.6578 0.4166 0.3964 0.2232 0.206 0.2168 0.254 0.2086 0.201 0.261 0.2938 0.2116 0.1896 0.1844 0.2154 0.248 0.398 0.3594 0.3032 0.3234 0.3628 0.3074 0.277 0.2908 0.319 0.4282 0.3772 0.4122 0.5872 0.552 0.5756 0.5522 0.5604 0.5314 0.4908 0.411 0.446
-9999 -9999 -9999 -9999 -9999 -9999 -9999 -9999 -9999 -9999 -9999 -9999 -9999 -9999 -9999 -9999 -9999 -9999 0.9418 0.9796 0.9826 0.985 0.9878 0.9906 0.9946 0.9946 0.9944 0.9886 0.9838 0.98 0.9818 0.9388 0.8908 0.8994 0.9382 0.8404 0.5122 0.6206 0.4484 0.249 0.1834 0.2456 0.1956 0.2228 0.219 0.2186 0.1878 0.2066 0.1798 0.2172 0.2316 0.2182 0.1772 0.1844 0.184 0.1946 0.148 0.1616 0.1792 0.2048 0.1968 0.1732 0.3842 0.315 0.429 0.5438 0.3608 0.4146 0.4382 0.5174 0.5856 0.5554 0.5332 0.5154
-9999 -9999 -9999 -9999 -9999 -9999 -9999 -9999 -9999 -9999 -9999 -9999 -9999 -9999 -9999 -9999 -9999 -9999 0.7964 0.943 0.978 0.9886 0.9934 0.9936 0.9898 0.9836 0.9812 0.983 0.9806 0.983 0.9824 0.9502 0.8218 0.8454 0.8828 0.8622 0.8028 0.7516 0.5752 0.2554 0.1956 0.2116 0.1666 0.1506 0.1662 0.1722 0.1522 0.1662 0.1496 0.1376 0.1782 0.178 0.1888 0.2766 0.3104 0.2166 0.2244 0.1952 0.1516 0.1964 0.1448 0.1492 0.1998 0.158 0.2966 0.3912 0.413 0.2496 0.2454 0.374 0.5524 0.5568 0.599 0.5236
-9999 -9999 -9999 -9999 -9999 -9999 -9999 -9999 -9999 -9999 -9999 -9999 -9999 -9999 -9999 -9999 -9999 -9999 -9999 0.8794 0.9616 0.9846 0.9928 0.9938 0.9902 0.9832 0.9842 0.9804 0.981 0.9896 0.9864 0.9738 0.9382 0.867 0.6562 0.9132 0.8094 0.8944 0.7636 0.3566 0.3048 0.2288 0.2092 0.1998 0.1506 0.1838 0.1556 0.1506 0.1578 0.161 0.1846 0.1664 0.2162 0.3078 0.3314 0.3826 0.3076 0.2474 0.2154 0.1674 0.1702 0.1726 0.2668 0.3056 0.2562 0.1968 0.2332 0.204 0.2274 0.4242 0.4776 0.5836 0.5442 0.5066
-9999 -9999 -9999 -9999 -9999 -9999 -9999 -9999 -9999 -9999 -9999 -9999 -9999 -9999 -9999 -9999 -9999 -9999 -9999 0.7164 0.9064 0.9662 0.9874 0.9892 0.9902 0.9942 0.9952 0.9936 0.9922 0.994 0.9858 0.9792 0.9666 0.963 0.9288 0.9368 0.9572 0.8178 0.7838 0.4042 0.4374 0.3442 0.181 0.1496 0.151 0.202 0.1208 0.1388 0.1408 0.1938 0.2416 0.1724 0.2168 0.2916 0.43 0.381 0.3432 0.2716 0.2078 0.2134 0.222 0.2838 0.2564 0.3868 0.3566 0.2966 0.3616 0.2872 0.2332 0.2788 0.3292 0.3646 0.4022 0.4416
-9999 -9999 -9999 -9999 -9999 -9999 -9999 -9999 -9999 -9999 -9999 -9999 -9999 -9999 -9999 -9999 -9999 -9999 -9999 -9999 0.7984 0.9008 0.9772 0.9888 0.991 0.993 0.9944 0.9886 0.9924 0.9876 0.9662 0.9768 0.9786 0.9538 0.8478 0.9616 0.9528 0.8734 0.7732 0.519 0.4186 0.2476 0.1596 0.1586 0.1922 0.1572 0.1352 0.195 0.2058 0.209 0.2462 0.2626 0.3774 0.5682 0.4464 0.4172 0.361 0.2248 0.17 0.1354 0.103 0.1804 0.3534 0.3714 0.2918 0.314 0.3232 0.3664 0.245 0.2806 0.4406 0.3326 0.4094 0.3944
-9999 -9999 -9999 -9999 -9999 -9999 -9999 -9999 -9999 -9999 -9999 -9999 -9999 -9999 -9999 -9999 -9999 -9999 -9999 -9999 -9999 0.8844 0.9516 0.9892 0.9912 0.9866 0.9878 0.985 0.9878 0.975 0.949 0.972 0.9792 0.9528 0.9496 0.9562 0.9012 0.814 0.7146 0.6134 0.4172 0.2482 0.1772 0.2328 0.2914 0.1522 0.146 0.155 0.1926 0.1644 0.1986 0.3538 0.4882 0.5462 0.4176 0.4094 0.3682 0.2758 0.2278 0.2198 0.203 0.2748 0.3238 0.3188 0.289 0.3268 0.3178 0.3696 0.3814 0.2958 0.373 0.4114 0.5176 0.5308
-9999 -9999 -9999 -9999 -9999 -9999 -9999 -9999 -9999 -9999 -9999 -9999 -9999 -9999 -9999 -9999 -9999 -9999 -9999 -9999 -9999 0.7052 0.887 0.9686 0.9892 0.9878 0.986 0.985 0.9788 0.964 0.9614 0.9726 0.9784 0.9902 0.9838 0.958 0.853 0.5084 0.6904 0.6708 0.6232 0.3886 0.2056 0.2388 0.276 0.267 0.213 0.2314 0.3352 0.3034 0.2696 0.2448 0.4724 0.5296 0.5106 0.5242 0.4496 0.378 0.3536 0.227 0.2076 0.3254 0.304 0.2208 0.2536 0.3018 0.3658 0.316 0.2656 0.2728 0.2744 0.2778 0.3286 0.4738
