Initial_model/basin_likelihood.txt
ncols         667
nrows         667
xllcorner     -3335000
yllcorner     -3335000
cellsize      10000
NODATA_value  -9999
[rows 297 to 329 of 667, columns 222 to 295 of 667]
0.534 0.5408 0.5674 0.6166 0.6854 0.7054 0.7382 0.7882 0.8148 0.8038 0.8098 0.851 0.8742 0.8704 0.881 0.8904 0.9002 0.8784 0.8342 0.8356 0.7752 0.7534 0.7178 0.7282 0.7266 0.7136 0.7376 0.7542 0.759 0.8372 0.8174 0.7984 0.705 0.661 0.7112 0.6424 0.601 0.5752 0.4984 0.443 0.4352 0.4658 0.4584 0.4944 0.4784 0.478 0.5572 0.6402 0.7056 0.5768 0.5058 0.28 0.2636 0.3608 0.3854 0.3754 0.3338 0.1716 0.1806 0.452 0.6862 0.805 0.8554 0.8598 0.8478 0.856 0.8318 0.802 0.7638 0.7772 0.7538 0.7226 0.7532 0.7314
0.581 0.5614 0.603 0.6124 0.636 0.7028 0.756 0.7986 0.8194 0.7962 0.8126 0.843 0.8532 0.8478 0.868 0.877 0.8774 0.8712 0.8632 0.7908 0.763 0.7638 0.7452 0.7444 0.7356 0.7012 0.7136 0.7412 0.7624 0.8836 0.791 0.7868 0.706 0.6356 0.6632 0.5918 0.5554 0.5116 0.4298 0.3822 0.3962 0.3674 0.4204 0.4428 0.532 0.537 0.5772 0.5906 0.6504 0.607 0.4746 0.4354 0.2788 0.2412 0.3672 0.3782 0.2496 0.2824 0.3582 0.5994 0.7632 0.8016 0.818 0.8598 0.858 0.8612 0.826 0.8006 0.7754 0.7846 0.7714 0.7208 0.7102 0.682
0.6582 0.614 0.6462 0.6814 0.675 0.7218 0.7836 0.8202 0.8244 0.8148 0.8334 0.8308 0.83 0.8328 0.8378 0.846 0.8534 0.8648 0.8088 0.7474 0.7712 0.759 0.7558 0.733 0.7088 0.6876 0.6976 0.7384 0.7632 0.7838 0.7518 0.7332 0.6446 0.5302 0.5076 0.4714 0.5004 0.455 0.41 0.4944 0.423 0.3636 0.381 0.4442 0.4544 0.4708 0.4728 0.5094 0.5272 0.637 0.51 0.5506 0.5638 0.5872 0.5526 0.5752 0.5252 0.5832 0.5818 0.671 0.6874 0.6698 0.7086 0.7514 0.8068 0.7786 0.7304 0.729 0.7182 0.7482 0.7516 0.709 0.6758 0.6294
0.7054 0.7122 0.7198 0.7406 0.7416 0.7562 0.769 0.814 0.8314 0.8476 0.8464 0.8328 0.836 0.8074 0.8146 0.7822 0.8496 0.8504 0.809 0.8164 0.751 0.7732 0.7568 0.7282 0.7042 0.6656 0.7026 0.7414 0.766 0.7928 0.761 0.7004 0.5866 0.5332 0.538 0.5072 0.5002 0.424 0.4036 0.3938 0.3356 0.3216 0.3286 0.3274 0.4012 0.3906 0.4042 0.4768 0.4784 0.565 0.6728 0.6086 0.5302 0.5694 0.6232 0.5702 0.5138 0.5284 0.6014 0.6046 0.602 0.5262 0.5582 0.6672 0.7658 0.7042 0.6948 0.6938 0.7182 0.7688 0.7782 0.7338 0.7248 0.729
0.7324 0.7472 0.7522 0.7656 0.7378 0.7554 0.7796 0.8098 0.809 0.8132 0.8324 0.8438 0.834 0.8032 0.81 0.8368 0.7962 0.7812 0.7926 0.7292 0.7464 0.7622 0.7138 0.6746 0.6754 0.6322 0.6746 0.7356 0.7838 0.7714 0.7272 0.6078 0.5072 0.4274 0.4146 0.4054 0.4454 0.406 0.3558 0.3518 0.3322 0.3654 0.3504 0.2948 0.3148 0.2868 0.3818 0.43 0.4772 0.5366 0.5768 0.6282 0.5618 0.5976 0.6064 0.5836 0.5652 0.5576 0.6192 0.5776 0.5828 0.5358 0.5442 0.6064 0.6958 0.6938 0.711 0.7342 0.7286 0.7578 0.7644 0.7802 0.7686 0.7534
0.71 0.7416 0.75 0.7488 0.7552 0.7734 0.7824 0.7834 0.7712 0.8012 0.8158 0.838 0.8394 0.8218 0.8104 0.8706 0.7994 0.777 0.7612 0.6826 0.6932 0.7456 0.7196 0.6564 0.659 0.6276 0.6652 0.7306 0.685 0.7194 0.6114 0.448 0.4752 0.3936 0.3936 0.4358 0.4614 0.448 0.3852 0.329 0.3544 0.3854 0.3088 0.2844 0.29 0.315 0.346 0.4888 0.4924 0.5612 0.5326 0.6 0.5942 0.564 0.5974 0.5638 0.546 0.548 0.5832 0.5464 0.5512 0.5796 0.63 0.609 0.6504 0.6522 0.657 0.6748 0.6894 0.7114 0.7148 0.723 0.7426 0.7526
0.6388 0.6722 0.6872 0.7064 0.7282 0.7544 0.7732 0.7358 0.7296 0.7676 0.7878 0.7924 0.792 0.8238 0.8298 0.8208 0.8282 0.73 0.7416 0.7404 0.664 0.7156 0.6874 0.649 0.644 0.625 0.668 0.7336 0.74 0.672 0.5382 0.461 0.5292 0.3634 0.3636 0.3598 0.395 0.381 0.4348 0.3678 0.3406 0.3694 0.3488 0.3068 0.3138 0.2816 0.307 0.402 0.479 0.5648 0.5442 0.5278 0.5442 0.5198 0.5216 0.5138 0.518 0.5082 0.55 0.553 0.5674 0.5352 0.6034 0.5308 0.4756 0.4822 0.6172 0.6394 0.656 0.6776 0.6926 0.6732 0.6794 0.6638
0.5798 0.5862 0.6326 0.6362 0.6752 0.7286 0.7382 0.7104 0.74 0.7596 0.7764 0.763 0.773 0.787 0.8158 0.8082 0.7878 0.615 0.7212 0.7266 0.6944 0.689 0.6748 0.6248 0.625 0.622 0.6554 0.6908 0.6994 0.6486 0.5124 0.4844 0.5056 0.3546 0.4218 0.3774 0.4154 0.3956 0.3662 0.3554 0.3448 0.3368 0.3302 0.3398 0.3606 0.3334 0.3254 0.2902 0.3444 0.4482 0.3172 0.3538 0.423 0.441 0.5214 0.4668 0.4086 0.4468 0.519 0.5678 0.5542 0.608 0.5982 0.4952 0.4632 0.4478 0.4362 0.4682 0.609 0.6674 0.6706 0.6368 0.59 0.5482
0.5292 0.4574 0.518 0.626 0.6504 0.6356 0.6608 0.6464 0.692 0.6828 0.6704 0.6556 0.6874 0.7328 0.7678 0.7634 0.6596 0.5596 0.6838 0.6908 0.6862 0.6928 0.659 0.6392 0.589 0.6026 0.647 0.679 0.7158 0.6292 0.5708 0.5684 0.5056 0.405 0.4004 0.4042 0.4558 0.4474 0.3728 0.3366 0.3326 0.3152 0.3014 0.315 0.3432 0.3286 0.2786 0.2272 0.2976 0.3066 0.2976 0.2584 0.457 0.4222 0.5028 0.3254 0.3068 0.2854 0.3434 0.3818 0.3366 0.51 0.506 0.5352 0.5312 0.5084 0.515 0.4666 0.5894 0.6284 0.608 0.5538 0.5076 0.515
0.4536 0.4188 0.5066 0.5904 0.6086 0.623 0.5884 0.5594 0.5644 0.5648 0.546 0.5208 0.5228 0.529 0.5696 0.6198 0.5298 0.4866 0.476 0.5164 0.6104 0.648 0.6558 0.6516 0.625 0.6386 0.6576 0.684 0.6788 0.5944 0.6058 0.614 0.5218 0.4848 0.4894 0.4936 0.5006 0.4592 0.3556 0.3072 0.3292 0.308 0.3046 0.3292 0.3464 0.3148 0.2814 0.2552 0.3088 0.2704 0.2418 0.2096 0.2922 0.3996 0.45 0.2994 0.3372 0.3304 0.4858 0.3206 0.2348 0.2252 0.2328 0.2924 0.4662 0.49 0.5124 0.4978 0.5704 0.5498 0.5352 0.5362 0.5408 0.5506
0.334 0.2598 0.3298 0.4534 0.476 0.556 0.5668 0.5134 0.4776 0.469 0.4796 0.4568 0.4678 0.4098 0.415 0.4504 0.4362 0.3738 0.4082 0.4252 0.5422 0.6254 0.6546 0.687 0.6672 0.6786 0.6836 0.7114 0.7282 0.5852 0.6138 0.5926 0.4992 0.488 0.5106 0.5732 0.5402 0.4306 0.3292 0.3034 0.3274 0.2716 0.294 0.3602 0.3348 0.3054 0.2852 0.2892 0.3446 0.3004 0.2644 0.2844 0.2558 0.3878 0.421 0.2782 0.256 0.3518 0.4142 0.2778 0.2158 0.2516 0.129 0.212 0.3876 0.3968 0.493 0.442 0.3992 0.3724 0.3622 0.366 0.4054 0.3284
0.2366 0.2488 0.2252 0.2444 0.3072 0.4762 0.4394 0.3768 0.3884 0.3644 0.4322 0.4402 0.4608 0.4336 0.4312 0.4268 0.4204 0.4324 0.3896 0.4176 0.4726 0.5874 0.6244 0.715 0.7574 0.7768 0.8016 0.7124 0.6148 0.5806 0.5976 0.5688 0.4804 0.4982 0.5204 0.5712 0.5094 0.4332 0.3732 0.2892 0.2982 0.2932 0.2718 0.3458 0.3374 0.3008 0.2872 0.2986 0.3458 0.3148 0.302 0.2376 0.2378 0.369 0.3966 0.379 0.2312 0.3548 0.3074 0.216 0.1666 0.1364 0.1294 0.1804 0.271 0.3644 0.363 0.2642 0.2638 0.2506 0.2248 0.2178 0.2712 0.259
0.2568 0.25 0.3118 0.2776 0.174 0.4466 0.5174 0.2784 0.191 0.2706 0.3162 0.3674 0.3952 0.3954 0.3906 0.4918 0.4972 0.454 0.446 0.4828 0.508 0.523 0.5808 0.6536 0.7936 0.821 0.8234 0.7474 0.6286 0.5894 0.5738 0.504 0.4896 0.5242 0.4748 0.4622 0.4288 0.4012 0.3614 0.3074 0.2978 0.2566 0.24 0.2624 0.252 0.2854 0.2996 0.4094 0.3598 0.342 0.334 0.221 0.2384 0.4348 0.408 0.4178 0.2118 0.2222 0.193 0.1336 0.1122 0.1094 0.117 0.1352 0.208 0.2948 0.4176 0.3056 0.253 0.2322 0.1972 0.2096 0.2588 0.2096
0.2654 0.2982 0.3466 0.2594 0.1676 0.4364 0.4568 0.2522 0.1952 0.2718 0.3532 0.3292 0.3414 0.3494 0.3876 0.43 0.48 0.4168 0.4446 0.4826 0.4872 0.5022 0.5402 0.5882 0.6544 0.6536 0.6768 0.7026 0.638 0.6054 0.5062 0.4516 0.4508 0.4584 0.4174 0.4164 0.34 0.3042 0.3078 0.2746 0.2746 0.233 0.2352 0.2138 0.213 0.2664 0.2758 0.3186 0.376 0.3568 0.2266 0.2244 0.31 0.4596 0.4414 0.4482 0.266 0.2288 0.1634 0.1026 0.106 0.105 0.1048 0.1044 0.157 0.2488 0.3374 0.3382 0.2594 0.243 0.194 0.1986 0.2288 0.2818
0.2696 0.3144 0.339 0.1574 0.2046 0.4508 0.379 0.126 0.1734 0.2496 0.3306 0.4052 0.391 0.3412 0.3598 0.2998 0.324 0.3928 0.4366 0.4824 0.576 0.5344 0.5716 0.63 0.6796 0.6546 0.6684 0.6848 0.5994 0.5656 0.4936 0.4078 0.3942 0.4066 0.3934 0.4036 0.3636 0.3318 0.303 0.2768 0.2566 0.243 0.2336 0.1802 0.2048 0.2432 0.2512 0.2944 0.3454 0.342 0.2552 0.2852 0.3732 0.4336 0.409 0.4664 0.327 0.2632 0.2236 0.1328 0.1632 0.1568 0.1616 0.156 0.1584 0.2596 0.3384 0.3042 0.2574 0.206 0.247 0.1924 0.1798 0.1734
0.2156 0.2502 0.2768 0.1614 0.2914 0.3938 0.2106 0.1396 0.177 0.2724 0.372 0.4074 0.4006 0.3702 0.3366 0.3246 0.3238 0.2788 0.386 0.4908 0.5018 0.464 0.4794 0.5352 0.5578 0.5632 0.5158 0.4938 0.468 0.4158 0.3806 0.3254 0.3044 0.3504 0.3556 0.3116 0.3542 0.3152 0.2898 0.2886 0.2446 0.2434 0.2114 0.1782 0.1764 0.2966 0.2378 0.2544 0.2852 0.2492 0.2802 0.2846 0.4028 0.4168 0.3866 0.4702 0.5144 0.3506 0.269 0.1244 0.1278 0.1724 0.2416 0.2202 0.2224 0.3144 0.3326 0.3568 0.2742 0.1674 0.1914 0.1854 0.1848 0.1832
0.23 0.2084 0.2258 0.1812 0.2816 0.2188 0.1606 0.1714 0.2032 0.2632 0.3768 0.4356 0.412 0.3572 0.3154 0.2792 0.272 0.32 0.4572 0.4252 0.4236 0.4252 0.4378 0.4172 0.3784 0.3916 0.389 0.3624 0.3502 0.313 0.3094 0.2892 0.3124 0.3394 0.3382 0.2948 0.3154 0.3048 0.254 0.2688 0.2152 0.2388 0.2322 0.1936 0.1858 0.2486 0.2806 0.2378 0.2184 0.1734 0.3184 0.2578 0.4024 0.3928 0.4252 0.4834 0.5796 0.5022 0.2826 0.1898 0.217 0.2684 0.2702 0.2788 0.2468 0.271 0.3136 0.2782 0.209 0.1254 0.168 0.1684 0.1802 0.1688
0.2698 0.169 0.209 0.2514 0.1802 0.1726 0.161 0.2354 0.2132 0.2052 0.315 0.3324 0.3176 0.2736 0.279 0.3326 0.3458 0.3692 0.4074 0.386 0.408 0.4002 0.3896 0.3798 0.365 0.3834 0.4234 0.3816 0.3342 0.2946 0.2732 0.306 0.3554 0.3426 0.3336 0.309 0.309 0.3048 0.2756 0.2594 0.2136 0.1832 0.2174 0.2096 0.186 0.2394 0.262 0.3594 0.2126 0.2184 0.3452 0.224 0.3924 0.4128 0.4876 0.5648 0.4872 0.4376 0.554 0.3048 0.3162 0.3108 0.2174 0.1998 0.1794 0.2066 0.2562 0.1432 0.1668 0.136 0.1534 0.1616 0.1644 0.3024
0.275 0.1472 0.2656 0.1582 0.0882 0.1346 0.211 0.2956 0.2034 0.1796 0.282 0.3204 0.3012 0.2572 0.2928 0.3172 0.387 0.3686 0.3932 0.387 0.4366 0.3688 0.3338 0.313 0.3562 0.334 0.4082 0.3742 0.3448 0.3262 0.3258 0.3718 0.3548 0.306 0.2902 0.3064 0.3098 0.297 0.2942 0.2894 0.2162 0.1898 0.2006 0.2158 0.1958 0.207 0.237 0.2996 0.1626 0.192 0.2266 0.2386 0.4398 0.488 0.5372 0.6836 0.4442 0.5394 0.628 0.4656 0.3706 0.2248 0.1458 0.174 0.1956 0.2122 0.118 0.1122 0.0982 0.1558 0.162 0.152 0.155 0.1626
0.1676 0.1314 0.1206 0.1106 0.0814 0.0858 0.164 0.2 0.15 0.1982 0.3126 0.3146 0.3162 0.279 0.3122 0.2964 0.3636 0.36 0.4032 0.3794 0.4106 0.3472 0.3208 0.2862 0.3398 0.332 0.4202 0.3646 0.2962 0.3376 0.3834 0.379 0.343 0.3354 0.3972 0.3842 0.3618 0.2972 0.2966 0.2808 0.2392 0.222 0.2082 0.2064 0.2068 0.2164 0.2012 0.1512 0.1456 0.1478 0.171 0.2548 0.3992 0.5104 0.583 0.53 0.4786 0.5602 0.6786 0.6792 0.4442 0.3876 0.2396 0.1962 0.1302 0.1538 0.114 0.1428 0.1326 0.162 0.1626 0.1646 0.1624 0.1652
0.1382 0.1154 0.118 0.0894 0.0832 0.1284 0.1198 0.1108 0.1296 0.1944 0.3002 0.2898 0.2766 0.2748 0.279 0.3134 0.3364 0.409 0.3738 0.3836 0.4366 0.3674 0.3732 0.3938 0.3824 0.309 0.3548 0.302 0.3136 0.3486 0.4062 0.3426 0.3298 0.3124 0.3362 0.314 0.335 0.2856 0.2954 0.3144 0.29 0.2466 0.2476 0.203 0.2186 0.1928 0.1952 0.1354 0.1292 0.1444 0.1682 0.2882 0.325 0.4808 0.5798 0.5344 0.5632 0.5832 0.7358 0.7262 0.6426 0.5286 0.4916 0.3974 0.1704 0.152 0.0868 0.091 0.0914 0.1692 0.3372 0.1912 0.325 0.1712
0.267 0.0962 0.0606 0.0684 0.1154 0.2192 0.0808 0.054 0.0776 0.1796 0.2902 0.1788 0.226 0.2126 0.2198 0.3348 0.3896 0.3728 0.3708 0.4448 0.4554 0.4736 0.417 0.3934 0.3148 0.3072 0.3104 0.2642 0.2184 0.2478 0.3188 0.3216 0.3646 0.2834 0.3214 0.2784 0.32 0.2664 0.2962 0.2798 0.309 0.2386 0.2602 0.2312 0.2836 0.217 0.2466 0.1866 0.1574 0.1774 0.242 0.2742 0.3434 0.504 0.5718 0.5974 0.649 0.673 0.7434 0.7296 0.766 0.6782 0.6686 0.5242 0.3404 0.1574 0.0818 0.112 0.2456 0.1944 0.2284 0.2348 0.2482 0.2328
0.1034 0.0614 0.0652 0.0688 0.0602 0.063 0.0638 0.1304 0.1542 0.2972 0.2136 0.228 0.1844 0.2576 0.2838 0.31 0.378 0.374 0.3382 0.4002 0.4144 0.4382 0.423 0.3442 0.2854 0.2964 0.2846 0.2706 0.229 0.2442 0.2864 0.3176 0.3002 0.279 0.3002 0.2686 0.2826 0.2512 0.2636 0.2526 0.3014 0.2858 0.2962 0.3122 0.3356 0.2686 0.3262 0.2372 0.184 0.244 0.4058 0.4034 0.4668 0.6306 0.6694 0.6594 0.688 0.6578 0.7392 0.7602 0.7802 0.7936 0.7494 0.6674 0.5016 0.3444 0.201 0.2272 0.2182 0.1792 0.3504 0.3662 0.2706 0.2554
0.0834 0.0804 0.0372 0.0316 0.0472 0.0658 0.1014 0.2638 0.2284 0.1264 0.2044 0.1698 0.3584 0.361 0.3742 0.2978 0.2832 0.2818 0.3032 0.3576 0.357 0.381 0.35 0.3104 0.2644 0.2486 0.2212 0.2304 0.2372 0.264 0.2862 0.2742 0.2854 0.302 0.273 0.2808 0.3224 0.2796 0.2952 0.241 0.2734 0.2794 0.2846 0.2878 0.2748 0.3024 0.2708 0.2396 0.2472 0.3116 0.485 0.4428 0.4258 0.5774 0.6764 0.7528 0.6796 0.6058 0.5784 0.7076 0.7554 0.7552 0.7468 0.7014 0.569 0.511 0.4996 0.401 0.3682 0.2518 0.3656 0.2944 0.2864 0.1964
0.0898 0.0472 0.0938 0.0766 0.0894 0.1024 0.141 0.1706 0.1508 0.1202 0.2262 0.357 0.4126 0.4612 0.3744 0.2926 0.223 0.246 0.2952 0.372 0.3288 0.3538 0.2346 0.2182 0.2148 0.245 0.2204 0.2364 0.2364 0.3082 0.329 0.3062 0.27 0.2454 0.234 0.262 0.2784 0.2654 0.288 0.2532 0.2382 0.2366 0.3104 0.3222 0.248 0.2484 0.2812 0.2568 0.2688 0.373 0.5214 0.4398 0.4622 0.5304 0.6022 0.7558 0.7034 0.6186 0.5582 0.6482 0.6496 0.7488 0.6762 0.6498 0.607 0.6424 0.696 0.6716 0.4348 0.3294 0.284 0.2144 0.221 0.1658
0.0464 0.057 0.0998 0.1728 0.2006 0.2088 0.148 0.1418 0.1414 0.2988 0.3886 0.493 0.4086 0.4258 0.3332 0.1922 0.1962 0.2062 0.2828 0.3868 0.3732 0.3338 0.2232 0.2044 0.246 0.2398 0.242 0.241 0.2886 0.3704 0.358 0.317 0.2858 0.2782 0.2714 0.2936 0.343 0.303 0.338 0.2968 0.261 0.3008 0.3568 0.2778 0.232 0.263 0.2838 0.24 0.2914 0.455 0.5512 0.4732 0.492 0.481 0.5118 0.7316 0.683 0.594 0.5628 0.5704 0.6254 0.6128 0.6794 0.6586 0.5992 0.6308 0.6286 0.6256 0.533 0.4386 0.4178 0.194 0.1862 0.1954
0.0718 0.0888 0.1202 0.126 0.1376 0.148 0.1568 0.2124 0.3388 0.378 0.4556 0.3978 0.4038 0.2308 0.1842 0.1642 0.1768 0.24 0.2934 0.3732 0.3398 0.2912 0.2376 0.2624 0.2768 0.2438 0.2686 0.2888 0.35 0.3884 0.3856 0.3652 0.3062 0.304 0.2738 0.3252 0.3578 0.337 0.3598 0.3514 0.2844 0.3252 0.3542 0.2736 0.272 0.2842 0.2838 0.2342 0.2762 0.383 0.4998 0.4446 0.4732 0.5098 0.6176 0.6548 0.6438 0.6246 0.6234 0.6804 0.6162 0.588 0.624 0.6932 0.678 0.6616 0.6744 0.6482 0.5832 0.5444 0.4352 0.3104 0.2714 0.2438
0.1378 0.1506 0.157 0.168 0.1802 0.1828 0.2092 0.2436 0.3618 0.3872 0.3484 0.2644 0.1864 0.2114 0.1626 0.1328 0.1766 0.2424 0.3256 0.3772 0.3554 0.3344 0.2896 0.296 0.3148 0.3052 0.3126 0.3398 0.37 0.3556 0.3492 0.353 0.3528 0.2968 0.2646 0.341 0.415 0.3788 0.3782 0.4208 0.3442 0.3432 0.3072 0.28 0.2914 0.2954 0.2016 0.2282 0.2124 0.3698 0.4696 0.432 0.5094 0.4628 0.548 0.5624 0.6116 0.5732 0.5986 0.649 0.6628 0.6572 0.6614 0.6808 0.6468 0.6304 0.5784 0.5764 0.551 0.5754 0.5082 0.3874 0.4196 0.2676
0.1512 0.1814 0.1956 0.249 0.2992 0.3062 0.3578 0.2982 0.2426 0.2814 0.3422 0.1526 0.1724 0.1878 0.13 0.0836 0.1288 0.206 0.3402 0.3802 0.3636 0.3232 0.249 0.2696 0.3026 0.3186 0.2856 0.2958 0.3008 0.3138 0.3776 0.3582 0.3666 0.2864 0.2876 0.306 0.401 0.3488 0.3158 0.4152 0.4228 0.3968 0.4084 0.3076 0.2568 0.2294 0.1968 0.1888 0.2144 0.3154 0.4392 0.4628 0.5036 0.379 0.466 0.437 0.5624 0.5906 0.582 0.6226 0.708 0.689 0.6544 0.6534 0.6346 0.604 0.593 0.537 0.5124 0.5332 0.4902 0.4578 0.4308 0.4148
0.1578 0.2108 0.2296 0.2638 0.2344 0.2074 0.2226 0.2126 0.185 0.312 0.2396 0.2246 0.1712 0.183 0.188 0.0766 0.1226 0.2102 0.3462 0.3566 0.3518 0.3322 0.2898 0.2902 0.2886 0.2894 0.2608 0.2604 0.2338 0.261 0.3282 0.3366 0.313 0.3014 0.275 0.3248 0.2816 0.3156 0.2938 0.3632 0.3526 0.3952 0.3518 0.3368 0.2318 0.2344 0.1392 0.169 0.1788 0.29 0.4436 0.4258 0.4374 0.2906 0.323 0.3368 0.4402 0.5808 0.6258 0.604 0.6144 0.6262 0.5934 0.6068 0.6156 0.6142 0.608 0.5216 0.5006 0.5194 0.5072 0.4866 0.4678 0.4766
0.2044 0.243 0.3104 0.26 0.1902 0.1328 0.1566 0.2216 0.2164 0.2666 0.2172 0.1776 0.1748 0.1558 0.0964 0.1054 0.1498 0.2358 0.3874 0.3746 0.3936 0.333 0.2828 0.2392 0.243 0.237 0.2258 0.247 0.2158 0.2878 0.3438 0.3078 0.2982 0.3052 0.2656 0.2672 0.253 0.2116 0.216 0.3658 0.3894 0.3266 0.2962 0.2498 0.1672 0.217 0.1378 0.119 0.1602 0.182 0.394 0.4506 0.4364 0.2702 0.2632 0.2952 0.3652 0.4776 0.5268 0.5488 0.568 0.5532 0.5362 0.5014 0.4642 0.5076 0.5466 0.5872 0.5672 0.532 0.5348 0.5296 0.5514 0.5916
0.2594 0.286 0.2974 0.2658 0.1736 0.163 0.1686 0.2832 0.3206 0.3114 0.2468 0.1332 0.2112 0.1758 0.1558 0.1306 0.148 0.1706 0.3012 0.4616 0.4026 0.3478 0.2706 0.1932 0.2354 0.2314 0.2366 0.2574 0.2326 0.3144 0.3248 0.3086 0.244 0.2504 0.2458 0.2594 0.2638 0.1956 0.1936 0.3748 0.383 0.2248 0.3012 0.194 0.1808 0.2288 0.1446 0.1122 0.1068 0.1142 0.2212 0.381 0.4032 0.301 0.2512 0.18 0.222 0.3754 0.4618 0.3276 0.3526 0.3752 0.4942 0.4268 0.3678 0.4684 0.4456 0.5222 0.6148 0.6324 0.6484 0.6334 0.6038 0.5428
0.311 0.306 0.2344 0.212 0.2052 0.1752 0.168 0.2502 0.2598 0.306 0.2052 0.1502 0.1908 0.2096 0.1814 0.1454 0.1374 0.1638 0.2894 0.3674 0.399 0.34 0.2506 0.2416 0.178 0.1954 0.1976 0.2894 0.259 0.3188 0.3168 0.3148 0.2954 0.262 0.256 0.2548 0.2396 0.1922 0.204 0.3074 0.3862 0.2718 0.226 0.1554 0.1678 0.203 0.1866 0.1276 0.1088 0.1132 0.1632 0.34 0.4336 0.3392 0.1732 0.1792 0.1746 0.2862 0.4558 0.3168 0.298 0.307 0.4314 0.4702 0.3614 0.3746 0.3838 0.5138 0.5888 0.729 0.752 0.7484 0.6476 0.6012
