Initial_model/basin_likelihood.txt
ncols         667
nrows         667
xllcorner     -3335000
yllcorner     -3335000
cellsize      10000
NODATA_value  -9999
[rows 528 to 560 of 667, columns 370 to 443 of 667]
0.1546 0.1662 0.081 0.077 0.0676 0.0782 0.0738 0.073 0.0634 0.074 0.0676 0.0734 0.0698 0.0826 0.1096 0.1374 0.1434 0.0668 0.0788 0.1054 0.0772 0.0512 0.1076 0.1388 0.1666 0.2814 0.1922 0.2046 0.2238 0.2342 0.255 0.2188 0.113 0.0868 0.0608 0.0864 0.4662 0.5378 0.4182 0.3518 0.292 0.318 0.2966 0.3166 0.307 0.331 0.346 0.3744 0.4692 0.444 0.4402 0.4686 0.4818 0.533 0.5418 0.6034 0.7004 0.7204 0.725 0.727 0.5866 0.4334 0.4872 0.4664 0.4472 0.4464 0.4734 0.5442 0.5396 0.3914 0.247 0.3232 0.463 0.659
0.158 0.1624 0.0916 0.0666 0.066 0.1436 0.1196 0.1022 0.0876 0.08 0.075 0.0832 0.0768 0.0788 0.0772 0.0922 0.139 0.1002 0.0922 0.0702 0.0564 0.056 0.0794 0.0766 0.1874 0.2388 0.3146 0.3266 0.207 0.2746 0.3324 0.2632 0.2722 0.0922 0.0644 0.1204 0.3768 0.421 0.456 0.4382 0.4276 0.3416 0.3066 0.376 0.3818 0.4394 0.4732 0.5054 0.4918 0.4566 0.493 0.4826 0.509 0.5456 0.5782 0.6008 0.6898 0.6786 0.7022 0.709 0.552 0.5672 0.5528 0.4754 0.4388 0.43 0.4364 0.4876 0.4932 0.3504 0.3186 0.2956 0.4506 0.588
0.1556 0.125 0.077 0.0602 0.059 0.1018 0.0816 0.0746 0.0836 0.0798 0.0602 0.081 0.0674 0.0554 0.0648 0.1226 0.1548 0.1856 0.153 0.1704 0.0804 0.1532 0.1046 0.05 0.1052 0.1088 0.3158 0.4238 0.3598 0.2758 0.353 0.4394 0.371 0.1278 0.0972 0.1122 0.2186 0.2464 0.326 0.3798 0.4204 0.2872 0.291 0.3094 0.369 0.4694 0.53 0.5552 0.6158 0.5834 0.6016 0.5744 0.5896 0.5946 0.6174 0.6218 0.6654 0.6776 0.7124 0.7294 0.6626 0.5648 0.5022 0.4254 0.3804 0.4716 0.5052 0.569 0.481 0.356 0.333 0.3338 0.4236 0.6018
0.2164 0.074 0.1038 0.0824 0.097 0.1006 0.1174 0.116 0.075 0.0744 0.059 0.0718 0.0726 0.0662 0.0584 0.0988 0.1286 0.127 0.1578 0.1744 0.078 0.16 0.062 0.0532 0.075 0.1032 0.3224 0.3558 0.4076 0.3458 0.4172 0.4152 0.398 0.2974 0.2488 0.1022 0.0698 0.0662 0.1234 0.3596 0.4382 0.279 0.3596 0.416 0.4802 0.5016 0.556 0.5246 0.622 0.6308 0.6396 0.615 0.6056 0.5916 0.6418 0.6392 0.6856 0.7186 0.7226 0.749 0.7068 0.6472 0.3748 0.3574 0.3674 0.372 0.5986 0.6022 0.4886 0.4372 0.36 0.3424 0.4306 0.6432
0.1946 0.0604 0.0748 0.0728 0.0868 0.091 0.1306 0.1102 0.1272 0.0698 0.081 0.0748 0.0784 0.1066 0.077 0.0486 0.0804 0.0774 0.0824 0.1592 0.1288 0.1712 0.1152 0.0746 0.0992 0.1036 0.1458 0.3292 0.4612 0.5154 0.5254 0.4152 0.3334 0.367 0.2912 0.0776 0.0522 0.0576 0.0846 0.2304 0.345 0.29 0.3198 0.2684 0.3116 0.3404 0.3046 0.4262 0.4924 0.5818 0.6362 0.6124 0.6154 0.571 0.65 0.6752 0.7276 0.7632 0.7436 0.7762 0.7558 0.6996 0.5782 0.3388 0.3512 0.3764 0.449 0.6264 0.6054 0.5158 0.5246 0.5104 0.5492 0.6306
0.2036 0.1852 0.0772 0.0852 0.1176 0.0988 0.0762 0.0778 0.1198 0.0716 0.082 0.0998 0.0952 0.113 0.1054 0.1022 0.122 0.1352 0.1278 0.2698 0.2928 0.1912 0.158 0.1408 0.086 0.0998 0.1508 0.1788 0.2882 0.5542 0.5528 0.3836 0.287 0.3972 0.4032 0.079 0.0464 0.0548 0.0618 0.188 0.4596 0.4012 0.386 0.3396 0.344 0.3556 0.4046 0.4196 0.563 0.5678 0.629 0.6298 0.602 0.606 0.6636 0.6982 0.7426 0.7698 0.8168 0.8408 0.8236 0.6878 0.5112 0.4416 0.3678 0.4798 0.4758 0.5412 0.5524 0.5654 0.6076 0.619 0.6658 0.6186
0.4556 0.2486 0.203 0.1728 0.1036 0.1454 0.1242 0.1782 0.162 0.1592 0.1054 0.0732 0.052 0.045 0.0434 0.0526 0.091 0.1204 0.163 0.1856 0.3132 0.3212 0.2172 0.1326 0.106 0.091 0.0972 0.095 0.2228 0.4566 0.525 0.3134 0.2636 0.3806 0.354 0.179 0.0566 0.0798 0.0726 0.1158 0.2454 0.4294 0.4194 0.4276 0.3574 0.2918 0.4314 0.4404 0.4842 0.5732 0.5982 0.6426 0.695 0.605 0.6726 0.7238 0.73 0.7642 0.8212 0.7816 0.7038 0.6202 0.6302 0.5844 0.484 0.4706 0.507 0.5262 0.5786 0.5748 0.6132 0.5618 0.5244 0.5162
0.759 0.7332 0.454 0.2388 0.1888 0.2082 0.2782 0.1058 0.0972 0.1606 0.1128 0.0496 0.0458 0.065 0.0612 0.0776 0.0992 0.099 0.1186 0.137 0.3058 0.3172 0.2848 0.137 0.102 0.0968 0.0802 0.0846 0.1572 0.2662 0.433 0.4086 0.1844 0.2976 0.3974 0.3046 0.1158 0.1 0.1358 0.1838 0.2956 0.424 0.4182 0.4246 0.3556 0.3328 0.5454 0.5538 0.5798 0.6164 0.5836 0.6452 0.6246 0.6156 0.6238 0.6644 0.7758 0.772 0.7684 0.752 0.652 0.553 0.667 0.7122 0.646 0.5354 0.4812 0.58 0.5378 0.5914 0.642 0.5838 0.545 0.5122
0.6746 0.7534 0.586 0.5258 0.3822 0.4742 0.1308 0.1244 0.1354 0.1704 0.1318 0.1228 0.1228 0.0484 0.0402 0.0702 0.0902 0.1012 0.078 0.125 0.1374 0.3132 0.3404 0.1734 0.1634 0.1394 0.094 0.0728 0.1184 0.2282 0.3212 0.437 0.1832 0.1764 0.2754 0.3734 0.3636 0.1428 0.14 0.1386 0.2392 0.1364 0.2306 0.355 0.3386 0.2406 0.2694 0.5042 0.4086 0.5184 0.5018 0.567 0.6602 0.5926 0.6162 0.6814 0.7618 0.7408 0.6176 0.6168 0.5234 0.527 0.5422 0.61 0.5928 0.6412 0.5796 0.6162 0.568 0.6406 0.695 0.6716 0.6078 0.5488
0.7222 0.7172 0.4608 0.4268 0.5464 0.4788 0.3792 0.148 0.1546 0.0938 0.0704 0.1024 0.0766 0.0672 0.0572 0.1058 0.0472 0.0574 0.1024 0.1118 0.1636 0.1974 0.328 0.3316 0.305 0.1376 0.0886 0.0956 0.1212 0.1564 0.383 0.453 0.226 0.2094 0.2724 0.3514 0.3104 0.1686 0.1538 0.1242 0.1666 0.1152 0.1842 0.178 0.1758 0.1762 0.2152 0.2728 0.2838 0.4082 0.3592 0.285 0.2598 0.1844 0.2834 0.3708 0.693 0.6898 0.5966 0.5472 0.56 0.5498 0.3506 0.4334 0.562 0.5992 0.6416 0.6524 0.6456 0.7176 0.7918 0.7488 0.663 0.6448
0.6832 0.7878 0.3678 0.411 0.4912 0.6186 0.514 0.1194 0.0668 0.0902 0.0858 0.1038 0.1494 0.134 0.085 0.1514 0.0786 0.1028 0.1304 0.218 0.2408 0.2616 0.3316 0.4574 0.373 0.2534 0.2216 0.1832 0.143 0.2856 0.2816 0.3252 0.3536 0.293 0.2332 0.1972 0.2314 0.2582 0.2664 0.1576 0.0944 0.0848 0.1292 0.0862 0.1936 0.177 0.1826 0.232 0.1966 0.2262 0.398 0.2764 0.2468 0.2208 0.2922 0.3106 0.4502 0.4332 0.5048 0.5834 0.6688 0.6588 0.6156 0.3312 0.3542 0.4416 0.7064 0.7862 0.7886 0.7904 0.8246 0.8168 0.783 0.799
-9999 0.8498 0.596 0.5076 0.4634 0.381 0.383 0.3588 0.1118 0.0772 0.1224 0.1784 0.2216 0.099 0.1098 0.133 0.1224 0.143 0.1728 0.2238 0.3812 0.3766 0.4004 0.5088 0.5872 0.4164 0.5022 0.2186 0.2098 0.2268 0.251 0.3004 0.3502 0.3006 0.2122 0.215 0.282 0.2796 0.1636 0.169 0.1452 0.1148 0.2208 0.2702 0.4156 0.2312 0.1248 0.2092 0.2424 0.1398 0.1968 0.2922 0.1998 0.2044 0.2324 0.2708 0.4628 0.452 0.51 0.5398 0.6628 0.6308 0.6016 0.59 0.5096 0.332 0.585 0.6758 0.7926 0.841 0.8428 0.8582 0.8564 0.8542
-9999 0.8118 0.7588 0.726 0.5378 0.522 0.5592 0.553 0.5432 0.4276 0.2262 0.2084 0.19 0.243 0.2408 0.4828 0.8272 0.5278 0.5288 0.4852 0.4838 0.5188 0.518 0.6928 0.624 0.629 0.595 0.4604 0.3466 0.2886 0.3166 0.2876 0.3492 0.3098 0.2922 0.2536 0.2768 0.294 0.24 0.1666 0.167 0.1944 0.1486 0.1168 0.1642 0.2378 0.0784 0.1454 0.268 0.1984 0.145 0.1914 0.2084 0.2198 0.2234 0.1498 0.4526 0.5148 0.538 0.5358 0.6458 0.6076 0.5828 0.5316 0.49 0.288 0.2536 0.5022 0.652 0.8306 0.8456 0.8424 0.8784 0.8776
-9999 -9999 -9999 -9999 0.5118 0.397 0.5166 0.4522 0.4694 0.5698 0.5196 0.6986 0.6706 0.828 0.7744 0.8274 0.818 0.8016 0.795 0.663 0.6774 0.6668 0.7354 0.8096 0.8014 0.7938 0.7564 0.5378 0.6166 0.6058 0.5534 0.4524 0.4444 0.3996 0.3378 0.2842 0.3202 0.3738 0.2484 0.1588 0.1614 0.1466 0.1652 0.1648 0.167 0.1774 0.1374 0.121 0.1556 0.2756 0.1606 0.1278 0.319 0.4218 0.4102 0.2186 0.2164 0.2108 0.2188 0.2254 0.4196 0.6108 0.6004 0.5828 0.5592 0.4194 0.2282 0.255 0.636 0.8346 0.8626 0.8606 0.8762 0.8746
-9999 -9999 -9999 -9999 -9999 -9999 -9999 0.3626 0.5902 0.6184 0.6818 0.7144 0.7178 0.8888 0.7994 0.7484 0.7492 0.7878 0.685 0.6678 0.6374 0.6116 0.736 0.812 0.8004 0.6856 0.6232 0.6296 0.6794 0.7998 0.6848 0.524 0.5082 0.4338 0.5002 0.5568 0.4636 0.5234 0.2776 0.2214 0.2174 0.1542 0.194 0.2448 0.2314 0.1904 0.413 0.3 0.1324 0.2264 0.2954 0.1816 0.2234 0.4636 0.6218 0.3854 0.2468 0.2184 0.4064 0.411 0.2514 0.4502 0.2958 0.3806 0.3988 0.4516 0.3828 0.4182 0.4668 0.6626 0.7912 0.8538 0.86 0.8652
-9999 -9999 -9999 -9999 -9999 -9999 -9999 -9999 0.613 0.6526 0.8852 0.8366 0.718 0.7506 0.7732 0.8146 0.8512 0.8252 0.767 0.7012 0.7704 0.7306 0.8174 0.8462 0.8716 -9999 -9999 -9999 -9999 -9999 -9999 -9999 0.5598 0.5294 0.5686 0.6832 0.6856 0.5094 0.4892 0.3918 0.2962 0.365 0.244 0.3484 0.2448 0.1338 0.1822 0.1964 0.1276 0.1052 0.1904 0.2124 0.1902 0.363 0.6752 0.6098 0.5646 0.2632 0.2756 0.4738 0.2486 0.4508 0.2406 0.474 0.2844 0.259 0.265 0.4366 0.4722 0.6262 0.737 0.8248 0.8372 0.8548
-9999 -9999 -9999 -9999 -9999 -9999 -9999 -9999 -9999 -9999 -9999 0.9012 0.7942 0.7944 0.856 0.833 0.8726 0.8908 0.8876 0.7636 0.7888 0.8118 0.8884 0.8922 -9999 -9999 -9999 -9999 -9999 -9999 -9999 -9999 -9999 0.7302 0.728 0.6682 0.6986 0.7542 0.7692 0.551 0.5142 0.3594 0.2226 0.2516 0.3596 0.161 0.2016 0.1488 0.2132 0.1492 0.1416 0.344 0.2874 0.4112 0.671 0.7202 0.6338 0.5094 0.3226 0.3212 0.3178 0.5758 0.497 0.6466 0.3526 0.219 0.1552 0.1956 0.5542 0.5876 0.6492 0.7578 0.7942 0.8274
-9999 -9999 -9999 -9999 -9999 -9999 -9999 -9999 -9999 -9999 -9999 -9999 0.8132 0.919 0.8906 0.8618 0.8134 0.8632 0.8546 0.893 -9999 -9999 -9999 -9999 -9999 -9999 -9999 -9999 -9999 -9999 -9999 -9999 -9999 0.8172 0.8382 0.8466 0.7506 0.7464 0.8422 0.914 0.6412 0.7902 0.6178 0.4388 0.4036 0.4068 0.2832 0.2034 0.2262 0.2392 0.189 0.3424 0.3806 0.6022 0.7754 0.8006 0.7272 0.675 0.5434 0.6392 0.6062 0.6744 0.7466 0.7154 0.4184 0.2052 0.2836 0.2406 0.4426 0.6264 0.689 0.743 0.7776 0.7978
-9999 -9999 -9999 -9999 -9999 -9999 -9999 -9999 -9999 -9999 -9999 -9999 -9999 -9999 -9999 -9999 -9999 -9999 0.7978 -9999 -9999 -9999 -9999 -9999 -9999 -9999 -9999 -9999 -9999 -9999 -9999 -9999 0.7628 0.8728 0.883 0.8808 0.9032 0.8656 0.8062 0.8712 0.8592 0.8196 0.7708 0.7998 0.5882 0.6234 0.5348 0.5184 0.497 0.5374 0.5888 0.5776 0.605 0.7014 0.7872 0.743 0.7916 0.719 0.69 0.7418 0.784 0.8724 0.8348 0.7778 0.3126 0.205 0.202 0.1978 0.1996 0.3734 0.5906 0.6896 0.718 0.7164
-9999 -9999 -9999 -9999 -9999 -9999 -9999 -9999 -9999 -9999 -9999 -9999 -9999 -9999 -9999 -9999 -9999 -9999 -9999 -9999 -9999 -9999 -9999 -9999 -9999 -9999 -9999 -9999 -9999 -9999 -9999 -9999 -9999 -9999 -9999 0.901 0.908 0.9252 0.9604 -9999 -9999 -9999 -9999 -9999 0.6696 -9999 -9999 -9999 -9999 -9999 -9999 -9999 0.8444 0.8162 0.7224 0.7486 0.7758 0.738 0.7594 0.8846 0.8252 0.8276 0.876 0.843 0.7132 0.5288 0.3192 0.2698 0.2804 0.4416 0.6502 0.7544 0.7206 0.5306
-9999 -9999 -9999 -9999 -9999 -9999 -9999 -9999 -9999 -9999 -9999 -9999 -9999 -9999 -9999 -9999 -9999 -9999 -9999 -9999 -9999 -9999 -9999 -9999 -9999 -9999 -9999 -9999 -9999 -9999 -9999 -9999 -9999 -9999 -9999 -9999 -9999 -9999 -9999 -9999 -9999 -9999 -9999 -9999 -9999 -9999 -9999 -9999 -9999 -9999 -9999 -9999 0.8546 0.8388 0.7288 0.6808 0.796 0.742 0.7368 0.7716 0.7532 0.8682 0.89 0.898 0.897 0.7728 0.675 0.5218 0.5388 0.529 0.7028 0.77 0.699 0.5392
-9999 -9999 -9999 -9999 -9999 -9999 -9999 -9999 -9999 -9999 -9999 -9999 -9999 -9999 -9999 -9999 -9999 -9999 -9999 -9999 -9999 -9999 -9999 -9999 -9999 -9999 -9999 -9999 -9999 -9999 -9999 -9999 -9999 -9999 -9999 -9999 -9999 -9999 -9999 -9999 -9999 -9999 -9999 -9999 -9999 -9999 -9999 -9999 -9999 -9999 -9999 -9999 0.7228 0.776 0.8028 0.8054 0.8296 0.8268 0.74 0.7316 0.8108 0.8712 0.8632 0.825 0.8466 0.8196 0.7842 0.7796 0.793 0.8122 0.8052 0.7934 0.6568 0.6726
-9999 -9999 -9999 -9999 -9999 -9999 -9999 -9999 -9999 -9999 -9999 -9999 -9999 -9999 -9999 -9999 -9999 -9999 -9999 -9999 -9999 -9999 -9999 -9999 -9999 -9999 -9999 -9999 -9999 -9999 -9999 -9999 -9999 -9999 -9999 -9999 -9999 -9999 -9999 -9999 -9999 -9999 -9999 -9999 -9999 -9999 -9999 -9999 -9999 -9999 -9999 -9999 0.914 0.888 0.919 0.9004 0.9216 0.9234 0.9426 0.9238 0.8742 0.908 0.8808 0.862 0.8488 0.8084 0.8142 0.8322 0.8498 0.8116 0.8452 0.8236 0.8116 0.7076
-9999 -9999 -9999 -9999 -9999 -9999 -9999 -9999 -9999 -9999 -9999 -9999 -9999 -9999 -9999 -9999 -9999 -9999 -9999 -9999 -9999 -9999 -9999 -9999 -9999 -9999 -9999 -9999 -9999 -9999 -9999 -9999 -9999 -9999 -9999 -9999 -9999 -9999 -9999 -9999 -9999 -9999 -9999 -9999 -9999 -9999 -9999 -9999 -9999 -9999 -9999 -9999 -9999 -9999 0.9166 0.8828 0.881 0.888 0.897 0.9142 0.866 0.8688 0.8832 0.8894 0.9066 0.9006 0.9228 0.9248 0.9076 0.896 0.8822 0.8782 0.7612 0.7164
-9999 -9999 -9999 -9999 -9999 -9999 -9999 -9999 -9999 -9999 -9999 -9999 -9999 -9999 -9999 -9999 -9999 -9999 -9999 -9999 -9999 -9999 -9999 -9999 -9999 -9999 -9999 -9999 -9999 -9999 -9999 -9999 -9999 -9999 -9999 -9999 -9999 -9999 -9999 -9999 -9999 -9999 -9999 -9999 -9999 -9999 -9999 -9999 -9999 -9999 -9999 -9999 -9999 -9999 -9999 0.9134 0.9288 0.9404 0.9296 0.8958 0.8888 0.928 0.8996 0.901 0.9028 0.9256 0.9438 0.952 0.953 0.941 0.9284 0.8994 0.8166 0.8522
-9999 -9999 -9999 -9999 -9999 -9999 -9999 -9999 -9999 -9999 -9999 -9999 -9999 -9999 -9999 -9999 -9999 -9999 -9999 -9999 -9999 -9999 -9999 -9999 -9999 -9999 -9999 -9999 -9999 -9999 -9999 -9999 -9999 -9999 -9999 -9999 -9999 -9999 -9999 -9999 -9999 -9999 -9999 -9999 -9999 -9999 -9999 -9999 -9999 -9999 -9999 -9999 -9999 -9999 -9999 -9999 0.9664 0.9582 0.9154 0.864 0.921 0.9364 0.93 0.8978 0.9206 0.9322 0.9488 0.9538 0.9566 0.9442 0.942 0.9482 0.9134 0.897
-9999 -9999 -9999 -9999 -9999 -9999 -9999 -9999 -9999 -9999 -9999 -9999 -9999 -9999 -9999 -9999 -9999 -9999 -9999 -9999 -9999 -9999 -9999 -9999 -9999 -9999 -9999 -9999 -9999 -9999 -9999 -9999 -9999 -9999 -9999 -9999 -9999 -9999 -9999 -9999 -9999 -9999 -9999 -9999 -9999 -9999 -9999 -9999 -9999 -9999 -9999 -9999 -9999 -9999 -9999 -9999 -9999 0.9496 0.9374 0.9384 0.928 0.9508 0.9562 0.9486 0.9218 0.9188 0.9466 0.9424 0.9552 0.9514 0.9404 0.9016 0.8706 0.8722
-9999 -9999 -9999 -9999 -9999 -9999 -9999 -9999 -9999 -9999 -9999 -9999 -9999 -9999 -9999 -9999 -9999 -9999 -9999 -9999 -9999 -9999 -9999 -9999 -9999 -9999 -9999 -9999 -9999 -9999 -9999 -9999 -9999 -9999 -9999 -9999 -9999 -9999 -9999 -9999 -9999 -9999 -9999 -9999 -9999 -9999 -9999 -9999 -9999 -9999 -9999 -9999 -9999 -9999 -9999 -9999 -9999 0.9642 0.9702 0.9624 0.9586 0.963 0.9688 0.9588 0.9614 0.9114 0.9348 0.9294 0.9412 0.929 0.9226 0.8368 0.7984 0.8046
-9999 -9999 -9999 -9999 -9999 -9999 -9999 -9999 -9999 -9999 -9999 -9999 -9999 -9999 -9999 -9999 -9999 -9999 -9999 -9999 -9999 -9999 -9999 -9999 -9999 -9999 -9999 -9999 -9999 -9999 -9999 -9999 -9999 -9999 -9999 -9999 -9999 -9999 -9999 -9999 -9999 -9999 -9999 -9999 -9999 -9999 -9999 -9999 -9999 -9999 -9999 -9999 -9999 -9999 -9999 -9999 -9999 0.976 0.9678 0.98 0.9774 0.9734 0.9628 0.955 0.9304 0.9224 0.9396 0.931 0.9416 0.9318 0.9038 0.884 0.7964 0.7974
-9999 -9999 -9999 -9999 -9999 -9999 -9999 -9999 -9999 -9999 -9999 -9999 -9999 -9999 -9999 -9999 -9999 -9999 -9999 -9999 -9999 -9999 -9999 -9999 -9999 -9999 -9999 -9999 -9999 -9999 -9999 -9999 -9999 -9999 -9999 -9999 -9999 -9999 -9999 -9999 -9999 -9999 -9999 -9999 -9999 -9999 -9999 -9999 -9999 -9999 -9999 -9999 -9999 -9999 -9999 -9999 -9999 -9999 0.9736 0.9812 0.986 0.9788 0.9678 0.9202 0.9238 0.9128 0.9414 0.9278 0.9182 0.8914 0.875 0.7882 0.7836 0.78
-9999 -9999 -9999 -9999 -9999 -9999 -9999 -9999 -9999 -9999 -9999 -9999 -9999 -9999 -9999 -9999 -9999 -9999 -9999 -9999 -9999 -9999 -9999 -9999 -9999 -9999 -9999 -9999 -9999 -9999 -9999 -9999 -9999 -9999 -9999 -9999 -9999 -9999 -9999 -9999 -9999 -9999 -9999 -9999 -9999 -9999 -9999 -9999 -9999 -9999 -9999 -9999 -9999 -9999 -9999 -9999 -9999 -9999 0.9808 0.983 0.9832 0.9882 0.9636 0.9316 0.9218 0.9402 0.941 0.9332 0.9132 0.892 0.8636 0.848 0.7702 0.769
-9999 -9999 -9999 -9999 -9999 -9999 -9999 -9999 -9999 -9999 -9999 -9999 -9999 -9999 -9999 -9999 -9999 -9999 -9999 -9999 -9999 -9999 -9999 -9999 -9999 -9999 -9999 -9999 -9999 -9999 -9999 -9999 -9999 -9999 -9999 -9999 -9999 -9999 -9999 -9999 -9999 -9999 -9999 -9999 -9999 -9999 -9999 -9999 -9999 -9999 -9999 -9999 -9999 -9999 -9999 -9999 -9999 -9999 0.982 0.9842 0.9868 0.986 0.9838 0.9638 0.9356 0.9396 0.94 0.9332 0.9196 0.8998 0.8642 0.7576 0.7476 0.756
-9999 -9999 -9999 -9999 -9999 -9999 -9999 -9999 -9999 -9999 -9999 -9999 -9999 -9999 -9999 -9999 -9999 -9999 -9999 -9999 -9999 -9999 -9999 -9999 -9999 -9999 -9999 -9999 -9999 -9999 -9999 -9999 -9999 -9999 -9999 -9999 -9999 -9999 -9999 -9999 -9999 -9999 -9999 -9999 -9999 -9999 -9999 -9999 -9999 -9999 -9999 -9999 -9999 -9999 -9999 -9999 -9999 -9999 -9999 -9999 0.9766 0.9794 0.9796 0.9904 0.9654 0.9694 0.942 0.9394 0.9294 0.9094 0.8736 0.8536 0.748 0.7448
