Initial_model/Offshore_Basin.txt
ncols         334
nrows         334
xllcorner     -3340000
yllcorner     -3340000
cellsize      20000
NODATA_value  -9999
[rows 288 to 319 of 334, columns 0 to 71 of 334]
99 99 100.375 101.375 101.4375 101.375 101.4375 101.4375 100.6875 100.6875 98.49998 98.49998 98.31248 96.875 96.5625 95.18748 95.18748 94.68748 93.75 93.375 93.375 91.81248 91.18749 89.99998 89.18749 89.18749 87.49998 86.49998 85.75 84.31249 84.31249 82.1875 80.8125 80.8125 79.06247 77.06248 77.49997 75.49996 73.74997 74.56247 72.62498 70.43748 71.74999 69.74999 69.49999 69.49999 67.56248 68.25002 66.74998 66.74998 66.87497 65.31247 63.49998 66.43747 64.87495 63.62495 65.18747 65.18747 67.43751 66.0625 65.1875 68.31248 67.62498 66.62498 69.18749 68.375 67.62498 70.87501 70.3125 69.49999 72.31248 71.74998
97.74998 100.375 100.375 101.0625 101.4375 101.4375 101.4375 101.25 101.25 100.125 100.125 98.31248 97.99999 97.99999 96.375 96.375 94.68748 94.68748 94.68749 92.9375 92.9375 91.18749 91.18749 90.5 89.18749 88.56248 87.31248 86.49998 84.93748 84.31249 82.81249 81.125 80.8125 78.6875 77.06248 77.06248 75.24998 73.74997 73.74997 71.49996 70.43748 70.43748 68.31248 67.8125 67.8125 67.56248 65.43748 65.43748 66.74998 65.24998 63.24998 65.31247 63.49998 62.43747 63.62495 63.62495 62.18746 64.06248 62.81248 65.1875 65.1875 64.375 66.62498 65.68747 64.93746 68.375 67.62498 66.87499 69.49999 68.62498 68.18749 70.93747
99.06248 99.74998 101.0625 101.25 101.4375 101.1875 101.1875 101.375 101.375 99.87498 99.87498 99.49998 97.99999 97.68748 97.68748 96.3125 96.0625 94.68749 94.18749 94.18749 92.31249 92.31249 90.5 90.5 89.56249 87.31248 87.31248 84.93748 83.37498 83.37498 81.125 81.125 79.125 76.6875 76.6875 75.24998 73.12497 73.12497 71.49996 69.18746 69.18746 68.31248 66.37498 66.37498 65.68749 63.5 65.43748 63.87498 61.99998 63.24998 63.24998 61.74999 62.43747 60.74998 60.74998 62.18746 61.06244 59.93745 62.81248 62.12497 61.18746 63.31251 62.56251 62.56251 64.93746 64.31247 63.37499 66.12498 65.31249 64.74998 68.18749 67.3125
99.74998 99.74998 100.1875 101.25 101.25 101.1875 101.5625 101.5625 101.25 101.25 99.49998 99.49998 99.06248 97.68748 97.74998 96.0625 96.0625 95.6875 94.18749 93.74999 92.31249 91.56248 91.06248 89.56249 88.37499 88.37499 85.68748 84.43748 83.37498 81.87497 81.87497 79.125 77.0625 77.0625 74.875 72.25 73.12497 70.74998 68.49998 69.18746 66.87497 64.68747 66.37498 63.87497 61.68748 63.5 61.68748 61.99998 59.99998 59.99998 61.74999 60.24998 58.49996 60.74998 59.37498 58.06248 59.93745 59.93745 58.87495 61.18746 60.18747 59.24997 62.56251 61.75 61 63.37499 62.62498 62.62498 65.31249 64.74998 63.99998 66.49999
98.81248 100.1875 100.1875 101.25 101.25 101.375 101.5625 101.375 101.25 100.875 100.75 99.06248 98.99998 98.99998 97.43749 97.43749 95.6875 95.6875 95.43749 93.37499 93.37499 91.06248 91.06248 90 88.37499 87.3125 85.625 84.43748 82.56248 79.56248 79.56248 77.49997 77.0625 74.93751 72.18749 72.25 69.9375 68.49998 68.49998 65.87497 64.68747 64.68747 62.31245 61.68748 61.68748 59.43747 59.6875 59.6875 59.99998 58.49999 56.43748 60.24998 58.49996 57.24997 58.06248 56.87498 56.87498 58.87495 57.87495 56.62494 60.18747 59.24997 58.43748 61 60.4375 60.4375 62.62498 62.12498 61.18747 63.99998 62.93749 62.18749
99.18748 99.68749 101 101.1875 101.375 101.1875 101.1875 101.5 101.5 100.75 100.75 100.4375 98.99998 98.74999 97.43749 96.99999 96.74999 95.43749 94.875 94.875 92.5 92.5 90 90 88.5625 85.625 85.625 83.68749 80.12499 80.12499 77.49997 77.49997 75.18747 72.18749 72.18749 69.56249 67.56252 67.56252 65.87497 63.31248 63.31248 62.31245 59.93745 59.93745 59.43747 57.31248 57.31248 57.62499 55.62499 53.75 56.43748 54.81248 57.24997 55.99998 55.99998 56.87498 55.62498 54.43747 57.87495 56.62494 56.18745 58.43748 57.87498 56.93747 60.4375 59.62501 58.875 61.18747 60.62497 59.74998 62.93749 62.18749
99.68749 99.68749 101.1875 101.1875 101.4375 101.1875 101.375 101.375 101.3125 101.3125 100.4375 100.4375 100 98.74999 98.74998 96.74999 96.74999 96.74999 94.875 94.3125 92.5 91.62499 90.43748 88.5625 87.0625 87.0625 83.68749 81.18748 80.12499 77.99998 75.12499 75.18747 72.43748 72.43748 69.56249 66.68749 66.68749 64.6875 61.99999 63.31248 60.93748 58.06248 59.93745 57.31246 55.06247 57.31248 55.12497 52.74997 53.75 53.75 51.87499 53.25 51.56248 51.56248 54.49998 53.49996 54.43747 54.43747 53.74998 56.18745 55.37495 54.56246 57.87498 56.93747 56.37498 58.875 58.25001 58.25001 57.375 59.74998 58.81249 58.18748
106.6875 100.4375 100.4375 101.4375 101.4375 101.25 101.375 101.3125 101.3125 101.5 101.3125 100 99.875 98.74998 98.56248 98.56248 96.74999 96.74999 96.24998 93.6875 93.6875 90.43748 90.43748 88.875 87.0625 85.18748 82.99999 81.18748 78.8125 75.12499 75.12499 72.31248 72.43748 69.49997 65.93748 66.68749 63.625 60.6875 61.99999 59.1875 58.06248 58.06248 55.43748 55.06247 55.06247 52.62498 52.74997 50.74997 50.74997 51.87499 50.0625 48.49998 51.56248 50.24998 48.87498 52.25001 52.25001 51.25 52.81248 52.31247 55.37495 54.56246 53.93747 53.06245 55.74997 55.74997 54.74997 57.375 56.375 55.99999 58.18748 56.93747
103.5625 101.1875 101.1875 101.5625 101.25 101.375 101.375 101.375 101.375 101.3125 101.3125 101.25 99.875 100.1875 98.56248 98.25 98.25 96.24998 95.87498 95.87498 92.8125 92.8125 88.875 87.12499 87.12499 82.99999 82.99999 80.18749 75.8125 75.8125 72.31248 69.06247 69.06247 65.93748 65.93748 62.81247 60.6875 60.6875 57.62499 56 56 55.43748 52.74997 52.74997 52.62498 50.24995 47.99997 50.74997 48.74997 46.93747 50.0625 48.49998 46.62499 48.87498 48.87498 47.87498 51.25 50.49999 50.49999 52.31247 51.31248 50.68749 53.06245 53.06245 52.56245 54.74997 54.12498 53.37498 55.99999 55.99999 55.0625 56.93747
101.625 101.625 101.5625 101.5625 101.6875 101.375 101.1875 101.375 101.3125 101.3125 101.25 101.25 101.4375 100.0625 100.0625 98.25 98.25 98.24999 95.87498 95.24999 92.8125 91.3125 89.625 87.12499 84.8125 84.8125 80.18749 77.12498 75.8125 72.81249 69.125 69.06247 65.81248 65.81248 62.81247 59.62496 59.62496 57.62499 54.49999 54.49999 53.37501 50.49999 52.74997 50.12497 47.49997 47.99997 47.99997 45.81246 46.93747 46.93747 44.81248 46.62499 45.56249 45.56249 47.87498 46.74998 46.24998 50.49999 49.99999 49 50.68749 50.37498 50.37498 52.56245 51.74995 51.31246 53.37498 53.37498 52.62498 55.0625 54 52.99999
101.625 101.625 101.625 101.6875 101.6875 101.625 101.1875 101.375 101.3125 101.3125 101.3125 101.4375 101.375 100.0625 100.375 100.375 98.24999 98.24999 98.06249 94.375 94.375 89.625 89.625 87 81.81248 81.81248 78.37498 77.12498 73.43749 69.125 69.125 65.875 65.81248 61.87498 58.62498 59.62496 56.37497 52.56248 54.49999 51.125 48.18749 50.49999 47.6875 47.49997 45.18748 45.18748 45.81246 43.31246 43.31246 44.81248 43.31247 41.81247 45.56249 44.24998 43.43749 46.24998 46.24998 45.56248 49 48.74998 48.74998 50.37498 49.62499 48.93748 51.31246 51.31246 50.49995 52.62498 51.62498 50.62497 49.81247 52.99999
111.4375 101.625 102.4375 102.4375 101.625 101.1875 101.375 101.3125 101.3125 101.3125 101.3125 101.25 101.375 101.4375 100.375 100.875 100.8125 98.06249 97.75 97.75 92.43748 92.43748 87 84 84 78.37498 78.37498 74.31248 69.81248 69.81248 65.875 61.81248 61.81248 58.62498 58.62498 54.68748 52.56248 52.56248 49.56248 48.18749 48.18749 45 44.75 44.75 45.18748 42.37498 40.06247 43.31246 41.62497 39.68747 43.31247 41.81247 40.56247 43.43749 43.43749 42.81249 45.56248 44.74999 44.74999 48.74998 48.24998 47 48.93748 48.93748 48.43747 47.43747 49.74996 48.68745 47.74995 50.62497 49.81247 48.74997
107.125 107.125 102.4375 102.4375 101.8125 101.1875 101.5625 101.3125 101.375 101.375 101.25 101.25 101.4375 101.4375 101.375 100.8125 100.8125 100.8125 97.75 96.31248 92.43748 89.93748 86.62498 84 80.3125 80.3125 74.31248 70.43748 70.43748 65.87498 61.18748 61.81248 57.625 57.625 54.68748 50.9375 50.9375 49.56248 45.81247 45.81247 45 42.1875 42.1875 42.12501 39.125 39.125 40.06247 38.12498 39.68747 39.68747 37.93746 40.56247 39.93747 39.93747 42.81249 41.875 42.0625 44.74999 44.49999 44.18748 43.74998 47 47.24997 46.49998 47.43747 46.93747 45.81248 48.68745 47.74995 46.99995 48.74997 47.56247
107.125 103.6875 103.6875 101.8125 101.8125 101.5625 101.5625 101.25 101.375 101.375 101.375 101.375 101.375 101.375 101.375 101.375 100.8125 100.8125 100.6875 96.31248 93.9375 86.62498 86.62498 82.81248 80.3125 76.25 71.81249 70.43748 65.87498 61.12498 61.18748 56.74998 57.625 53.3125 49.18748 50.9375 46.99998 43.56248 45.81247 42.49998 39.43748 42.1875 39.06249 36.06248 39.125 36.4375 34.06249 38.12498 35.74997 33.81247 36.68747 36.68747 35.99997 38.87496 38.62496 38.62496 42.0625 41.5 41.375 44.18748 43.74998 43.24998 46.49998 45.49998 45.49998 46.93747 45.81248 45.24998 46.99995 45.68745 45.68745 44.56246
125.6875 103.6875 102.4375 102.4375 101.3125 101.3125 101.25 101.25 101.4375 101.375 101.4375 101.9375 101.5625 102.125 101.375 101.5625 101.5625 100.6875 98.50002 98.50002 90.12499 90.12499 82.81248 82.81248 78.12498 71.81249 71.81249 66.74999 61.12498 61.12498 56.12498 56.74998 52.24999 49.18748 49.18748 45.06249 43.56248 43.56248 39.99998 39.43748 39.43748 36.37497 36.06248 36.06248 33 34.06249 34.06249 31.31249 33.81247 32.62499 32.62499 35.99997 35.06247 34.62497 38.62496 38.49996 38.31246 41.375 41.375 41.12499 43.24998 42.81248 42.81248 45.49998 44.74999 43.75001 45.24998 43.99997 43.99997 42.68748 44.56246 43.37495
125.6875 117.0625 102.4375 100.9375 100.9375 101.125 101.3125 101.4375 101.375 101.375 101.9375 101.9375 102.125 102.125 102.25 101.5625 101.625 101.0625 98.50002 93.9375 93.9375 85.56248 85.56248 78.12498 73.37498 73.37498 66.74999 61.4375 61.4375 56.12498 56.12498 50.81247 47.56248 47.56248 45.06249 41.1875 41.1875 39.99998 36.68748 36.68748 36.37497 33.24998 33.24998 33 30 30 31.31249 29 29 32.62499 31.74998 31.06248 35.06247 34.62497 35.24997 38.31246 38.31246 38.56246 41.12499 40.81249 40.81249 42.81248 42.18748 41.31248 40.56249 43.75001 42.75 42.25002 42.68748 41.74997 40.81248 43.37495
117.0625 111.4375 111.4375 100.75 100.75 101.3125 101.3125 101.375 101.375 101.5625 101.5625 102.3125 102.3125 102.25 102.25 102.3125 101.0625 101.0625 96.93752 93.9375 88.4375 85.56248 80.43748 75.56248 73.37498 68.31248 62.31248 61.4375 55.87499 55.87499 50.81247 45.56248 45.56248 42.87499 42.87499 41.1875 37.5625 37.5625 36.68748 33.31248 30.06248 33.24998 29.62498 26.62497 30 26.81249 24.125 29 27.93751 26.87501 31.06248 31.06248 30.62497 35.24997 35.49998 35.49998 38.56246 38.43746 38.43746 40.81249 40.37499 39.49998 38.99999 41.31248 40.56249 39.62499 42.25002 40.74994 40.74994 41.74997 40.81248 39.24998
158.5 111.4375 108.1875 108.1875 101.4375 101.4375 101.375 101.375 101.25 101.5625 102.875 102.875 102.75 102.5625 102.3125 101 101 96.93752 96.93752 91.93751 83.43751 83.43751 75.56248 75.56248 70.06249 62.31248 62.31248 56.12497 55.87499 49.93749 43.56249 45.56248 40.62498 40.62498 38.87498 34.87498 37.5625 33.81249 30.49999 33.31248 30.06248 26.12498 26.62497 26.62497 22.37497 24.125 24.125 22.24999 26.87501 26.87501 26.625 30.62497 31.56249 31.56249 35.49998 35.56247 36.12497 38.43746 38.37496 37.93747 37.43748 39.49998 38.99999 38.4375 39.62499 38.49997 38.49997 40.74994 39.74998 38.49999 37.74998 37.87497
158.5 154.75 108.1875 108.5 101.4375 101.3125 101.3125 101.25 101.25 102.4375 102.875 104.875 102.5625 102.5625 101.1875 101 97.93749 97.93749 91.93751 86.5625 86.5625 78.4375 78.4375 70.06249 63.68748 63.68748 56.12497 56.12497 48.68747 43.56249 43.56249 37.5625 40.62498 35.62498 31.68748 34.87498 31.31248 27.9375 30.49999 27.06251 23.56249 26.12498 22.62497 22.37497 22.37497 18.56248 22.24999 21.4375 21.4375 26.625 26.75 27.93752 27.93752 32.62498 33.37498 33.37498 36.12497 35.87498 35.81248 37.93747 37.43748 36.74998 38.4375 37.18749 37.18749 38.49997 37.56248 35.93747 34.87497 38.49999 37.74998 35.74996
154.75 154.75 154.875 108.5 111.6875 101.3125 101.875 103.75 102.4375 108.3125 108.3125 105.75 105.75 101.1875 101.1875 98.93748 97.93749 93.93749 89.37498 86.5625 81.06251 81.06251 72.375 66.25 63.68748 56.62499 56.62499 48.68747 41.37497 41.37497 37.5625 37.5625 32.3125 31.68748 31.68748 28.49998 27.9375 27.9375 24.49998 23.56249 23.56249 19.62498 18.31248 18.31248 14.18749 15.99996 15.99996 16.43747 21.50001 22.0625 22.0625 27.93752 29.3125 30.6875 33.37498 33.74997 33.87497 35.81248 35.81248 35.31247 36.74998 35.81247 35.81247 37.18749 36.125 34.9375 33.31249 35.93747 34.87497 33.68747 35.74996 34.75
224.3125 154.875 154.875 111.6875 118.8125 118.8125 103.75 103.75 117.3125 108.3125 114.5625 105.75 102.5625 102.5625 98.93748 96.24998 96.24998 89.37498 89.37498 85.18748 81.06251 75.56251 69.18752 66.25 58.31251 56.62499 48.49999 39.74998 41.37497 34.18748 34.18748 32.3125 28.31248 28.31248 28.49998 25.31248 25.31248 24.49998 20.87499 20.87499 19.62498 15.49999 15.49999 14.18749 12.56247 12.56247 16.43747 16.18746 16.24996 22.0625 24.12497 26.49999 29.3125 30.6875 31.8125 33.87497 33.87497 34.18747 35.31247 34.74997 34.74997 35.81247 34.68746 33.62496 32.49998 34.9375 33.31249 32.31248 33.68747 32.37499 32.37499 34.75
221.1875 224.375 159.75 168.625 118.8125 129.25 129.25 117.3125 117.3125 132.375 114.5625 114.0625 102.5625 100.5625 98.93748 96.24998 93.06248 93.06248 85.18748 85.18748 79.87499 69.18752 69.18752 58.31251 58.31251 49.5625 39.74998 39.74998 29.74999 34.18748 27.49996 23.74996 28.31248 25.74998 23.0625 25.31248 21.93747 18.43747 20.87499 16.99999 13.25 15.49999 12.1875 11.68749 12.56247 12.99998 12.68747 16.18746 16.24996 19.81247 26.49999 26.49999 29.12499 31.8125 32.43748 32.43748 34.18747 33.87497 32.99998 34.74997 33.87497 32.68747 31.31246 33.62496 32.49998 31.06247 32.31248 31.31248 31.31248 32.37499 30.74998 29.12498
224.375 224.375 168.625 168.625 178.75 129.25 147.125 147.125 132.375 132.375 136.9375 114.0625 110.0625 98.93748 98.93748 97.06248 93.06248 89.49998 89.49998 79.87499 73.81249 73.81249 62.06251 62.06251 49.5625 38.50001 38.50001 29.74999 29.74999 20.68749 23.74996 23.74996 21.87497 23.0625 23.0625 20.18749 18.43747 18.43747 14.49999 13.25 13.25 11.68748 11.68749 11.68749 11.68749 12.68747 12.68747 14.49998 19.81247 19.81247 24.68748 29.12499 30.37499 30.37499 32.43748 32.68749 32.3125 32.3125 32.99998 32.12498 30.68747 32.68747 31.31246 29.93746 31.06247 29.74997 29.74997 28.62497 29.93749 28.5 27.31249 29.12498
291.8125 236.5 236.5 178.75 178.75 196.6875 147.125 162.5 162.5 136.9375 134.25 110.0625 107.1875 107.1875 97.06248 97.06248 94.75 85.06248 85.06248 79.56248 73.81249 66.43749 66.43749 52.31251 40.81251 40.81251 25.37501 25.37501 20.68749 16.87497 16.87497 21.87497 20.99996 20.99996 20.18749 20.18749 16.62498 14.49999 14.49999 11.81249 11.68748 11.49999 11.49999 11.68749 12.74999 12.74999 14.49998 19.49998 19.49998 24.68748 27.68748 29.49997 30.37499 31.3125 31.6875 31.6875 32.3125 31.75 30.625 32.12498 30.68747 29.12498 29.93746 28.56246 28.56246 27.12495 28.62497 27.12499 26.18747 28.5 27.31249 25.5625
295.375 295.375 255.0625 255.0625 196.6875 196.6875 214.9375 167.5625 167.5625 164.0625 134.25 128.625 107.1875 104.6875 104.6875 94.75 91.31249 91.31249 79.56248 79.56248 73.18748 66.43749 57.9375 48.125 40.81251 25.06249 25.06249 14.81252 12.25001 16.87497 17.43749 19.81248 20.99996 19.68745 19.68745 16.62498 12.9375 12.9375 11.81249 11.49998 11.49998 11.49999 11.93748 11.93748 12.74999 16.1875 16.1875 19.49998 23.87498 27.12499 27.12499 29.49997 30.81247 31.37498 31.6875 31.375 31.12499 31.75 30.625 29.1875 29.12498 27.62498 27.62498 25.99997 27.12495 25.93746 24.74996 27.12499 26.18747 25.43746 25.5625 25.5625
295.375 297.3125 255.0625 277.75 277.75 214.9375 209.5625 209.5625 164.0625 164.0625 153 128.625 122.125 104.6875 102.4375 99.31248 91.31249 86.31248 86.31248 73.18748 73.18748 65.31248 48.125 48.125 36.3125 25.06249 15.31249 14.56249 12.25001 15.25001 15.25001 19.81248 20.8125 19.68745 16.43747 14.43748 12.9375 12.06247 11.56249 11.49998 11.37498 13.06249 11.93748 14.49999 18.81248 18.81248 21.06249 24.62499 24.62499 27.12499 29.31249 30.87498 30.81247 31.37498 31.43747 31.12499 31.12499 29.6875 29.1875 27.125 27.125 25.1875 25.99997 24.56248 24.56248 25.93746 24.74996 24.37495 25.43746 25.43746 23.87497 22.37496
295.1875 297.3125 291.25 281.8125 281.8125 239.5625 209.5625 196.0625 196.0625 153 153 140.625 122.125 115.9375 99.31248 99.31248 94.37499 86.31248 80.37499 80.37499 65.31248 57.31247 57.31247 36.3125 36.3125 28.50001 14.56249 14.56249 20 15.25001 20.5 23.49999 20.8125 19.99998 19.18747 14.43748 13.62497 12.49998 11.56249 12.37498 15.81248 13.06249 17.18749 21.18749 18.81248 22.93749 26.37499 24.62499 28.00001 30.31249 29.31249 30.87498 31.68748 31.43747 31.43747 30.74998 29.6875 27.99999 27.99999 25.6875 25.1875 23.3125 23.3125 24.56248 22.99997 22.18747 24.37495 24.37495 23.87496 23.12498 22.37496 19.99998
263.75 263.75 250.125 250.125 239.5625 239.5625 205.6875 196.0625 176.8125 176.8125 140.625 140.625 129.625 109.875 109.875 94.37499 94.37499 88.62498 80.37499 73.31248 66.49999 57.31247 49.06248 49.06248 28.50001 28.50001 26.56249 20 20 25.50001 23.49999 23.49999 24.25 19.99998 19.18747 17.68749 13.62497 12.49998 15.24999 12.37498 15.81248 20.31249 17.18749 21.18749 25.12498 22.93749 26.37499 29.37497 30.31249 30.31249 32.06249 31.68748 31.68748 31.87498 30.74998 29.56248 29.56248 27.37498 25.6875 22.93749 22.93749 23.3125 21.1875 19.9375 22.18747 22.18747 21.68749 21.93748 23.12498 23.12498 22.49998 19.99998
263.75 214 250.125 205.9375 205.9375 205.6875 205.6875 186.75 176.8125 156.5 156.5 129.625 120.6875 120.6875 103.9375 103.9375 88.62498 88.62498 81.74998 66.49999 66.49999 59.81249 49.06248 43.24997 43.24997 26.56249 29.25001 29.25001 25.50001 28.37499 28.37499 24.25 24.25 24.6875 17.68749 17.68749 16.68748 15.24999 15.24999 19.68747 20.31249 20.31249 24.62499 25.12498 25.12498 28.49999 29.37497 29.37497 31.8125 32.06249 32.87499 32.87499 32.93749 31.49998 31.49998 30.06247 27.37498 24.43748 24.43748 22.93749 20.375 18 21.1875 19.9375 18.68748 18.99999 21.93748 21.93748 22.24998 22.49998 21.49997 20.18747
205.3125 214 194.5 205.9375 194.125 194.125 186.75 186.75 166.5 156.5 141.75 130.25 120.6875 112.625 112.625 97.75002 97.75002 81.74998 75.12499 75.12499 59.81249 59.81249 54.81249 43.24997 40.37497 40.24998 29.25001 33.06249 34.625 28.37499 29.93751 29.93751 24.6875 24.56249 24.56249 16.68748 20.18748 20.18748 19.68747 24.49997 24.49997 24.62499 28.37499 28.37499 28.49999 31.56248 31.56248 31.8125 33.74998 33.74998 34.68749 32.93749 32.62498 32.62498 30.06247 27.49998 27.49998 24.43748 20.87496 17.24997 20.375 18 16.31251 14.87498 18.99999 18.99999 19.8125 22.24998 23.24996 23.56247 23.56247 20.18747
205.3125 194.5 194.5 189.625 194.125 183.875 183.875 166.5 166.5 150.875 130.25 130.25 120.5625 112.625 105.75 105.75 90.25002 83.56252 75.12499 69.31248 69.31248 54.81249 54.81249 51.62498 40.24998 40.24998 41.37497 33.06249 34.625 36.00001 29.93751 30.62502 31.25 24.56249 24.99999 24.99999 20.18748 24.87498 24.87498 24.49997 28.43747 28.43747 28.37499 31.43749 31.43749 31.56248 33.87498 35.81246 35.81246 34.68749 35.12498 35.12498 32.62498 31.68749 29.0625 27.49998 23.87498 18.62498 20.87496 17.24997 14.62497 12.74998 14.87498 14.87498 15.31249 19.8125 21.75001 21.75001 24 23.56247 23.99997 24.81248
194 194 189.625 189.625 182 183.875 170 157 150.875 138.4375 138.4375 120.5625 120.5625 112 105.75 97.75002 90.62502 83.56252 77.43752 69.31248 64.37498 64.37498 51.62498 49.74998 49.74998 41.37497 41.37497 42.12497 36.00001 36.00001 37.0625 31.25 31.25 32.31251 24.99999 27.5 30.4375 24.87498 28.68747 32.43748 28.43747 31.68747 34.87498 34.87498 34.375 36.68748 36.68748 35.81246 36.87497 37.81248 35.12498 35.18749 34.24998 31.68749 29.0625 25.37499 19.12499 18.62498 14.06248 12.68748 12.74998 12.74998 11.81248 15.31249 17.3125 17.3125 20.74999 24 25.875 27.5625 23.99997 24.81248
