Initial_model/Offshore_Basin.txt
ncols         334
nrows         334
xllcorner     -3340000
yllcorner     -3340000
cellsize      20000
NODATA_value  -9999
[rows 256 to 287 of 334, columns 0 to 71 of 334]
70.00001 81.68747 81.68747 81.68747 98.87498 98.87498 143 143 192.1875 192.1875 202.375 202.375 195.5 202.5625 192.1875 198.375 177.625 183.625 153.3125 160.1875 130.6875 130.6875 124.5 124.5 123.3125 123.3125 131.875 131.875 125.375 134.5625 134.5625 144.25 144.25 153.6875 153.6875 163.6875 158.5625 158.5625 167.75 162.5625 176.9375 170.9375 179.8125 179.8125 173.625 180.6875 180.6875 188.3125 181.25 181.25 187.875 180.125 193.1875 185.375 189.625 181.375 181.375 182.9375 174.875 173.1875 165.5 165.5 161 154.8125 149.875 147.1875 147.1875 146 150.1875 176.125 191.1875 206.25
69.87501 69.87501 82.56248 82.56248 101.375 101.375 135.5625 135.5625 121.4375 183.125 183.125 195.5 195.5 192.1875 192.1875 177.625 177.625 144.5 153.3125 123.125 130.6875 107.25 124.5 110.25 103.25 114.875 109.5 125.375 119.875 134.5625 129.8125 125.5625 139.5625 135.125 149.3125 144.625 154.125 154.125 162.5625 162.5625 157.25 165.5625 165.5625 173.625 167 167 174.25 167.6875 181.25 174.4375 180.125 173.1875 173.1875 177.8125 170.4375 173.625 173.625 165.9375 167 160.0625 165.5 158.75 152.6875 150.1875 146.6875 146.5625 146.5625 147.5625 157.375 166.8125 206.25 219.25
68.875 68.875 81.43748 81.43748 77.31248 93.81248 93.81248 121.4375 121.4375 160.0625 160.0625 170.8125 170.8125 137.6875 163.1875 130.3125 144.5 115.375 123.125 103.4375 103.4375 98.93748 98.93748 103.25 103.25 109.5 105.625 105.625 115.6875 115.6875 125.5625 125.5625 135.125 131.4375 144.625 140.4375 140.4375 149.125 144.5625 157.25 152.25 160 160 154.4375 160.875 160.875 167.6875 161.375 161.375 167.4375 160.6875 165.9375 165.9375 159.25 163.25 163.25 165.9375 159.4375 160.0625 153.625 153.625 152.6875 147.875 146.6875 144.625 144.625 147.5625 150.375 154.1875 176.125 185.0625 229.75
54.43748 66.93749 66.93749 77.31248 77.31248 87.18747 87.18747 108.9375 108.9375 96.5625 131.1875 107.4375 137.6875 111.125 130.3125 105.9375 105.9375 99.43747 99.43747 96.75 96.75 96.37498 96.37498 94.87498 100.25 97.99998 105.625 102.625 112.3125 112.3125 109.5625 121.75 118.75 131.4375 127.9375 136.625 136.625 144.5625 140 140 147.125 142.4375 154.4375 148.8125 143.5 155.0625 149.1875 154.75 154.75 160.6875 153.8125 153.8125 159.25 152.375 156.4375 156.4375 149.8125 152.625 146.4375 147.875 147.875 142.8125 143.625 140.6875 143.4375 143.4375 143.5 154.1875 158.875 163.6875 193 200.5625
54.43748 62.4375 62.4375 56.56249 71.12498 64.49998 82.24998 74.74997 96.5625 96.5625 107.4375 107.4375 92.4375 111.125 95.74998 105.9375 94.18747 99.43747 93.24998 90.24998 93.625 91.8125 94.87498 93.81248 97.99998 96.49999 102.625 100.4375 100.4375 109.5625 107.375 118.75 116.0625 116.0625 124.6875 122 132.8125 129.1875 140 135.8125 131.6875 142.4375 137.6875 143.5 143.5 149.1875 143.375 143.375 148.8125 142.6875 147.375 147.375 141.3125 146.1875 140.0625 149.8125 143.75 137.9375 141 141 142.8125 138.625 134.875 138.4375 138.4375 143.5 144.625 145.875 163.6875 168.5625 200.5625 207.75
50.49998 44.06249 56.56249 56.56249 64.49998 64.49998 74.74997 74.74997 66.12498 84.9375 76.25 92.4375 83.62501 95.74998 87.18748 87.18748 88.93745 88.93745 90.24998 90.24998 91.8125 91.8125 93.81248 93.81248 92.74997 96.00001 96.00001 98.81248 98.81248 107.375 105.5 105.5 113.8125 113.8125 122 122 119.25 125.625 125.625 131.6875 127.4375 137.6875 133 128.0625 138.0625 132.6875 137.6875 137.6875 132 136.6875 130.6875 141.3125 135.8125 130 140.0625 134.125 137.9375 132.8125 128.0625 135.9375 131.6875 134.875 131.9375 129.625 136.6875 135.8125 145.875 148.25 150.75 173.625 178.0625 207.75
44.06249 44.06249 48.75 48.75 39.375 56.18748 46.31248 66.12498 58.43747 76.25 69.74999 69.74999 77.3125 77.3125 82.74998 82.74998 85.74998 85.74998 88.37498 88.37498 86.99997 90.49999 89.6875 92.74997 92.43748 96.00001 96.49999 95.75 98.49997 98.49998 105.5 104 102.875 111.6875 110.4375 119.25 116.8125 122.3125 122.3125 118.9375 123.5 123.5 128.0625 123.5 132.6875 127.6875 122.3125 132 126.25 130.6875 130.6875 125.3125 130 124.3125 134.125 128.75 124.1875 128.0625 128.0625 131.6875 128.0625 124.5625 129.625 129.625 127.5625 135.875 136.3125 150.75 153.4375 155.625 178.0625 182.375
23.06248 35.06249 24.74998 39.375 27.74999 46.31248 46.31248 36.74998 58.43747 53.62498 69.74999 65.875 77.3125 74.3125 82.74998 80.12498 80.12498 84.06247 84.06247 86.99997 86.74998 89.6875 89.625 89.625 92.24997 92.24997 95.75 95.75 95.24999 97.56248 97.56248 102.875 102.875 110.4375 109.125 109.125 114.0625 114.0625 118.9375 115.6875 123.5 119.4375 115.6875 123.5 118.75 122.3125 122.3125 117.5625 120.875 115.5625 125.3125 119.5 114.8125 124.3125 119.75 124.1875 119.5 115.125 124.1875 120.25 124.5625 121.9375 119.4375 127.5625 126.4375 136.3125 136.625 137.25 155.625 155.625 157.75 186.1875
23.06248 24.74998 24.74998 15.875 27.74999 18.12499 36.74998 34.49997 53.62498 51.62496 65.875 64.12498 64.12498 72.375 72.375 78.68748 78.68748 82.99996 82.99996 82.87495 86.74998 86.37498 89.625 89.6875 92.49997 92.49997 92.18748 95.24999 95.75 97.56248 97.81247 97.93747 102.2499 102.9375 109.125 107.875 111.625 111.625 109.0625 112.375 112.375 115.6875 111.5 111.5 114.125 110 117.5625 112.375 107.5 115.5625 110.6875 114.8125 109.9375 109.9375 114.5625 110.5 115.125 115.125 111.5625 116.75 114.0625 119.4375 119.4375 117.875 125.75 124.75 137.25 137.9375 137.9375 157.75 159.875 161.625
14.81247 12.62499 15.875 12.74999 18.12499 18.87498 34.49997 34.49997 36.06248 51.62496 52.06247 64.12498 64.18748 72.375 72.625 72.625 78.99997 79.24997 82.87495 83.18746 86.37498 86.87498 86.87498 89.62499 89.62499 92.18748 92.18748 92.81248 96.25 96.25 97.93747 97.93747 102.9375 103.4375 103.4375 106.25 104.5 109.0625 106.4375 106.4375 109.1875 106.3125 111.5 107.875 110 110 105.625 107.5 103.25 110.6875 106.125 101.625 109.9375 105.5 110.5 106.375 103.4375 111.5625 108.6875 106.125 111.75 111.75 117.875 116.25 115.0625 124.3125 123.6875 138.625 138.625 138.8125 161.625 162.9375
12.62499 12.62499 12.74999 12.74999 13.37499 18.87498 21 36.06248 37.81248 52.06247 54.43748 54.43748 65.87499 65.87499 73.56251 73.56251 79.24997 79.24997 80.24998 83.18746 83.87496 86.87498 86.99998 87.62497 90.25 90.4375 92.81248 93.06246 96.25 96.25 96.74998 98.81248 99.93748 103.4375 102.4374 104.5 104.5 102.25 103.8125 103.8125 106.3125 103.4375 103.4375 104.0625 100.625 105.625 102.1875 98.9375 103.25 99.43748 101.625 98.75 98.75 101.8125 99.8125 103.4375 103.4375 101.5 106.125 104.3125 109.5 109.5 107.8125 115.0625 113.875 112.75 123.1875 123.1875 138.8125 139.25 138.875 164.0625
13.81249 12.1875 12.49999 13.37499 14 21 21.49999 21.49999 37.81248 42.87498 54.43748 58.18747 65.87499 68.24998 70.56248 74.93748 76.5625 80.24998 80.99998 83.87496 84.93748 84.93748 87.62497 87.62497 90.4375 90.4375 91.0625 93.31248 93.31248 96.74998 96.74998 99.93748 99.06248 99.06248 100.6874 98.68746 102.25 99.99996 99.99996 101.9375 99.8125 103.4375 100.1875 97.31248 100.625 98 98.9375 96.62499 96.62499 97.18748 96.49998 98.75 97.62501 97 98.62501 98.62501 101.5 100.1875 99.75 102 102 107.8125 106.6875 106.4375 112.75 111.25 111.25 122.1875 121.3125 138.875 138.5625 137.8125
13.81249 12.49999 12.49999 16.43748 14 18.37498 21.49999 31.62499 42.87498 50.43748 50.43748 62.62497 62.62497 70.56248 70.56248 76.5625 76.5625 78.75 80.99998 82.37498 84.93748 85.93747 86.62495 88.56248 88.99998 91.0625 91.49999 93.31248 93.74997 93.81248 97.49995 97.24997 99.06248 98.12498 96.68748 98.68746 97.24996 98.62498 98.62498 99.8125 97.5625 97.5625 97.31248 96.24997 98 96.18752 95.18749 96.62499 95.49998 96.49998 95.99998 95.99998 97 96.49999 96.125 98.12501 97.81252 99.75 98.49998 98.49998 101.125 100.75 106.4375 104.875 102.625 111.25 109.75 108.6875 120.3125 119.5625 137.8125 136.4375
16.87499 23.125 16.43748 24.37498 18.37498 30.43749 30.43749 44.43749 44.43749 57.43748 57.43748 62.62497 66.31248 70.37498 73.6875 75.93751 78.75 80.5625 82.37498 83.62498 83.62498 86.62495 86.62495 88.99998 88.99998 89.49998 91.9375 91.9375 93.81248 93.81248 93.93748 96.25 96.25 96.68748 96.68748 97.24996 96.31245 96.31245 96.87498 95.68747 97.5625 96.125 94.93751 96.24997 95.06248 95.18749 94.25 94.25 94.875 94.37501 95.99998 95.37498 94.68748 96.125 96.125 97.81252 97.12501 96.31251 98.49998 97.93748 97.62498 100.875 99.68748 102.625 102.625 101.125 108.6875 106.8125 105.8125 118.5 117.4375 117.4375
23.125 23.125 30.93749 24.37498 33.93747 30.43749 42.56248 44.43749 53.74999 53.74999 62.87498 62.87498 70.37498 70.37498 75.93751 75.93751 78.24999 80.5625 81.93751 84.99996 84.99996 86.31249 87.24997 88.31246 89.49998 90.31248 91.9375 92 92 93.93748 93.74997 96.25 95.5 94.74999 95.81248 94.99998 95.24997 95.24997 94.31245 94.68748 94.68748 94.93751 93.68752 93.68752 93.87498 92.87498 94.25 93.625 92.81248 93.3125 93.3125 94.68748 94.06249 94.06249 95.31249 94.50001 96.31251 95.68752 95.68752 97.62498 97.18748 96.62498 98.62499 98.62499 101.125 101 100.125 105.8125 105.1875 105.25 117.4375 113.625
36.68748 30.93749 38.4375 33.93747 43.56248 43.56248 51.81249 51.81249 60.56248 60.56248 67.74998 67.74998 71.87498 73.87497 76.62497 78.24999 80.56252 81.93751 83.5625 83.5625 86.31249 86.31249 88.31246 88.31246 88.93746 90.68747 90.68747 92 92 92.125 93.62498 93.62498 94.74999 93.75002 94.99998 93.93749 93.93749 94.31245 93.56245 94.68748 93.68747 92.56247 93.68752 92.75 92.87498 92.87498 92.24998 92.81248 91.93748 93.3125 92.9375 92.06252 93.31248 93.31248 92.68748 94.12499 93.37499 95.68752 95.18749 94.31251 96.62498 96.18748 96.18748 98.0625 97.3125 100.125 99.99999 99.62498 105.1875 105.25 103.3125 109.8125
36.68748 43.18747 38.4375 46.125 43.56248 51.74997 51.81249 59.06249 59.06249 65.875 65.875 71.87498 71.87498 76.62497 76.62497 79.31248 80.56252 82.56248 84.93751 84.93751 86.0625 87.31248 88.06248 88.93746 89.31245 90.68747 90.74997 90.99997 92.125 92 92.81247 92.81247 92.43748 93.75002 93.25002 93.06247 93.06247 92.49997 92.43745 92.43745 92.56247 91.74997 91.74997 92.06249 90.81252 92.24998 91.37498 90.68747 91.93748 91.0625 92.06252 91.43749 91.43749 92.68748 91.87497 91.12498 93.37499 92.68748 94.31251 93.93752 93.43752 96.18748 95.18748 94.43748 96.81249 96.74998 99.62498 99.62498 100.0625 103.3125 101.5 101
43.18747 49.37497 46.125 53.125 53.125 58.68748 58.68748 64.68749 64.68749 70.375 70.375 74.37498 75.24998 78.49998 79.31248 81.68747 82.56248 84.37498 84.37498 86.0625 86.0625 88.06248 88.74998 88.74998 89.93747 89.93747 90.99997 90.99997 90.99997 91.62499 91.62499 92.43748 91.62499 91.62499 92.25 92.25 92.49997 91.49997 92.43745 91.62495 90.81246 91.74997 90.81246 89.87498 90.81252 90.125 90.68747 90.68747 89.81248 90.4375 89.6875 91.43749 90.56249 89.875 91.12498 91.12498 90.43748 91.99998 91.43748 93.43752 93.43752 92.37498 94.43748 94.06248 93.62499 96.31249 96.31249 100.0625 99.31248 98.25 101 101.0625
49.37497 49.37497 55.56248 53.125 59.8125 58.68748 64.56248 64.56248 69.81248 69.81248 74.37498 74.37498 78.49998 78.49998 81.375 83.99997 83.99997 85.87499 85.87499 87.06249 87.3125 88.25 88.74998 89.37498 89.93747 90.43748 90.31246 90.99997 90.62497 91.375 91.375 91.125 91.62499 91.31248 91.25 91.25 90.74997 91.49997 90.68748 90.81246 90.81246 89.68745 89.87498 89.87498 90.125 89.37499 88.375 89.81248 88.81248 87.81248 89.6875 88.62499 89.875 88.9375 88.9375 90.43748 89.49998 88.74998 90.5 90.5 92.37498 91.81248 91.31248 93.62499 93.62499 92.93748 95.81249 95.56248 94.68748 97.87501 97.18749 100.875
58.49999 55.56248 60.93748 59.8125 65.62498 65.62498 69.81248 69.81248 73.81248 73.81248 78.06249 77.75 81.31248 81.375 83.49998 83.99997 85.74998 85.74998 87.06249 87.06249 88.25 89.125 89.125 89.62498 89.62498 90.31246 90.31246 90.43748 90.49996 90.49996 91.125 91.125 90.50001 90.49998 90.49998 90.74997 89.99996 89.99996 89.74998 89.06248 89.68745 88.99994 87.93745 88.87498 87.93747 88.375 88.375 87.3125 87.81248 86.99998 86.99998 87.93748 86.81248 88.1875 88.1875 87.4375 88.74998 87.93747 87.93747 89.74999 89.0625 91.31248 90.68749 90.68749 92.93748 92.49998 91.74998 94.68748 93.87499 93.49999 97.18749 96.74998
58.49999 63.24998 60.93748 66.43748 65.62498 70.62498 70.62498 74.81248 74.81248 78.06249 78.06249 81.31248 81.31248 84 83.49998 85.62497 87.06248 87.06248 88.37497 88.0625 89.25001 89.125 89.31249 89.31249 90.18747 90.37497 90.43748 90.31246 90.49996 90.37497 90.06248 90.50001 90 90.49998 89.93748 89.18748 89.99996 89.24996 88.00001 89.06248 88.06247 87.93745 87.93745 86.93745 87.12497 87.12497 87.3125 86.43751 85.5 86.99998 86.06247 84.87498 86.125 86.125 87.4375 86.37498 85.37499 87.93747 87.18748 86.18748 88.31248 87.5 90.68749 89.6875 89.25002 91.74998 90.99997 90.81248 93.87499 93.49999 92.62498 96.1875
63.24998 68.06248 66.43748 71.74998 71.74998 75.25 75.25 78.87498 78.87498 82.62498 81.87498 84.74998 84 86.0625 86.0625 87.37498 87.37498 88.37497 88.37497 89.25001 89.25001 89.31251 89.625 89.625 90.37497 90.37497 90.43747 90.37498 90.37498 90.06248 90.06248 89.37498 89.37498 89.37498 89.18748 89.18748 88.49998 88.00001 88.00001 88.06247 87.18748 87.18748 86.93745 85.81245 85.06245 85.99996 84.99998 85.5 85.5 84.37499 84.87498 84.24998 84.24998 84.93749 84 85.37499 85.37499 84.62501 86.18748 85.37499 84.87498 87.5 86.99998 89.25002 88.50001 87.6875 90.81248 90.81248 89.93748 92.62498 92.24998 91.81248
70.06251 68.06248 73.18749 71.74998 76.49998 76.49998 79.875 79.875 82.62498 82.62498 84.74998 84.74998 87.3125 86.0625 88.375 87.37498 88.87498 89.81248 89.43747 90.12499 89.31251 90.18749 90.18749 90.25 90.25 90.43747 90.06248 90.06248 89.37495 89.31247 89.37498 89.24998 89.24998 88.87498 87.93749 88.49998 87.37498 86.74998 87.24998 86.5 85.93748 85.93748 84.93748 85.06245 85.06245 84.06244 83.81248 83.81248 84.37499 83.4375 82.24999 84.24998 83.12498 82.12498 83.25 83.25 84.62501 83.75 82.74999 84.87498 84.87498 83.93747 85.99998 85.0625 87.6875 87.6875 87.12499 89.93748 89.12498 88.93748 91.81248 90.93748
70.06251 73.18749 73.18749 77.99998 76.49998 81.12498 79.875 83.8125 83.8125 85.93749 85.93749 87.3125 89.5 89.5 89.93749 89.93749 89.81248 89.81248 90.12499 90.12499 90.37498 90.18749 90.37498 90.43752 90.43752 90.1875 90.06248 89.12498 89.31247 89.31247 88.81246 89.24998 88.31248 87.93749 87.93749 87.12499 86.74998 86.74998 85.56248 85.49998 85.49998 84.93748 83.87498 83.87498 84.06244 82.49995 83.81248 82.99998 81.68747 82.24999 82.24999 81.1875 82.12498 81.06248 81.06248 82.31248 81.18748 82.74999 82.74999 82.125 83.93747 82.87497 82.12496 84.5 84.5 83.81252 86.49999 85.68749 88.93748 87.99998 87.43748 90.93748
75.00001 79.125 77.99998 82.37498 82.37498 85.56248 85.56248 87.93751 87.93751 88.93749 88.93749 91.06248 89.5 91 89.93749 90.87499 90.87499 90.68748 91.37499 90.37498 90.99998 90.99998 90.37498 90.37498 90.1875 90 90 89.56248 89.56248 88.81246 88.31247 88.31247 87.56248 87.56248 87.12499 86.49998 86.49998 85.56248 84.68748 84.68748 84.24998 83.24999 83.87498 82.68748 81.56248 82.49995 81.49995 81.68747 80.49998 80.49998 81.1875 80.00002 78.9375 81.06248 79.93748 78.68748 80.06248 80.06248 82.125 80.93749 79.9375 82.12496 82.12496 81.49997 83.81252 82.81248 82.0625 85.0625 84.43751 84.43751 87.43748 86.93748
79.125 79.125 83.6875 82.37498 87.37499 85.56248 90.24998 90.24998 91.25 91.25 91.06248 91.06248 92.6875 92.06248 92.06248 91.87499 91.87499 92.24999 91.37499 91.62498 90.99998 90.93748 90.37498 90.31248 90.37499 90 89.49999 89.18748 89.06248 88.24998 88.31247 87.62496 86.87495 86.93748 85.93746 86.49998 85.25 83.99998 84.68748 83.49999 83.24999 81.74998 81.74998 81.56248 80.37497 80.37497 80.18746 78.99995 80.49998 79.24997 78.12497 78.9375 78.9375 77.6875 78.68748 77.62498 77.62498 79.24998 78.18748 79.9375 79.3125 79.3125 81.49997 80.37499 79.49999 82.0625 81.74998 81.74998 84.43751 83.68748 82.99998 86.31248
84.81251 83.6875 88.9375 87.37499 92.87498 92.87498 94.24999 94.24999 93.5 93.5 95 92.6875 93.68749 92.06248 93.0625 93.0625 92.24999 92.24999 91.62498 91.75 91.75 90.99998 90.99998 90.37499 90.37499 90.24998 89.18748 89.18748 88.24998 88.24998 87.81248 86.87495 86.87495 85.93746 84.93747 84.93747 83.99998 82.93749 82.93749 82.18748 80.87498 81.74998 80.75 79.49999 80.37497 78.87497 77.49998 78.99995 77.74995 78.12497 76.68748 76.68748 77.6875 76.5 75.31252 77.62498 76.56248 75.43748 77.0625 76.37498 79.3125 78.3125 77.4375 79.49999 78.99999 78.99999 81.74998 80.75 79.68748 82.99998 82.43748 81.81249
84.81251 89.00002 88.9375 94.62501 92.87498 98.31249 98.31249 96.81248 96.81248 95 95 96.125 93.68749 94.81249 93.625 93.625 93.8125 92.49999 92.68748 91.75 91.74998 91.74998 90.99998 90.49999 90.24998 89.43751 89.43751 88.625 88.125 87.81248 86.99998 86.99998 85.87497 84.93746 84.93747 83.81247 82.49998 82.93749 81.74999 80.1875 80.87498 79.49998 79.49999 79.49999 77.99999 77.49998 77.49998 76.06248 76.37495 74.62495 76.68748 75.37497 74.12497 75.31252 75.31252 74.25002 75.43748 74.43748 74.43748 76.37498 75.31248 77.4375 76.4375 76 78.99999 78.12497 77.43748 79.68748 79.5625 78.81249 82.43748 81.81249
89.00002 89.00002 94.62501 99.93751 99.93751 100.375 100.375 97.99998 97.99998 98.62499 96.125 96.6875 94.81249 95.06248 95.06248 93.8125 93.8125 92.68748 92.68748 92.68748 91.56249 91.56249 90.49999 90.49999 90.37499 89.43751 89.31251 88.125 88.125 87.3125 86.12498 86.12498 84.87497 84.93746 83.62497 82.49998 82.49998 80.99997 80.1875 80.1875 78.81249 77.99998 77.99998 77.99999 76.24998 76.24998 76.06248 74.49997 73.06248 74.62495 73.43746 74.12497 72.93747 72.93747 74.25002 72.8125 71.9375 74.43748 73.43748 72.06248 74.06248 73.37498 76.4375 76 74.93751 77.43748 76.56248 76.31248 79.5625 78.81249 77.56248 80.93751
92.99999 94.06252 98.37502 99.93751 101.375 101.375 101 101 98.62499 98.62499 98.99998 96.6875 96.9375 95.06248 95.24998 95.43748 94.0625 94.1875 92.68748 92.81248 92.81248 91.31248 91.31248 90.37499 90.06248 90.06248 88.50001 88.50001 87.3125 86.1875 86.1875 84.87497 83.87498 83.62497 82.18747 82.18747 80.99997 79.56247 79.56247 78.81249 77.125 76.31248 76.31248 74.74998 74.74998 74.74998 73.24997 73.06248 73.06248 71.37498 71.87495 70.49995 72.93747 71.37498 70.18748 71.9375 71.9375 70.62501 72.06248 71.24998 70.37497 73.37498 72.31248 71.37499 73.74998 73.25001 73.25001 76.31248 75.18748 74.43748 77.3125 76.74999
92.99999 98.37502 98.37502 100.75 101.375 101.25 101 101 101 98.99998 98.99998 96.9375 96.75 96.75 95.43748 95.43748 94.1875 94.1875 93.875 92.81248 92.43748 91.18749 91.18749 90.68749 90.06248 89.24998 88.43748 87.6875 86.81249 86.1875 85.06252 83.87501 83.87498 82.18748 80.81247 80.81247 79.24997 77.93747 77.93747 76.18748 75.37498 75.37498 74.74998 72.93748 72.93748 73.24997 71.49995 71.49995 71.37498 69.93747 68.06248 70.49995 69.24995 70.18748 69.06247 69.06247 70.62501 69.43751 68.31252 71.24998 70.37497 69.12497 71.37499 70.62501 70.0625 73.25001 72.375 71.625 74.43748 74.12499 73.06248 76.74999
96.56249 99 100.75 101.375 101.375 101.375 101.375 101.0625 101.0625 100.6875 98.81248 98.49998 96.75 96.875 96.875 95.06248 95.06248 93.875 93.75 93.75 91.9375 91.9375 90.68749 90.68749 89.99998 88.43748 88.43748 86.81249 85.75 85.75 83.87501 83.87501 82.1875 80.81247 80.81247 79.24997 77.49997 77.49997 76.18748 74.56247 74.56247 73.62498 71.74999 72.93748 71.06249 69.49999 71.49995 70 68.25002 68.06248 68.06248 66.87497 67.68745 66.43747 69.06247 67.74998 66.31246 68.31252 68.31252 67.43751 69.12497 68.31248 67.62498 70.62501 70.0625 69.18749 71.625 70.87501 70.3125 74.12499 73.06248 72.31248
