Initial_model/Offshore_Basin.txt
ncols         334
nrows         334
xllcorner     -3340000
yllcorner     -3340000
cellsize      20000
NODATA_value  -9999
[rows 0 to 31 of 334, columns 216 to 287 of 334]
243.5631 251.425 260.5718 270.9366 257.7728 266.3419 275.0073 283.4572 291.4063 298.6381 261.4515 264.6781 264.6781 267.4757 270.0233 225.396 227.5115 229.9557 232.4643 234.7631 236.6073 195.8732 197.6776 198.6553 198.8098 198.2679 165.3352 164.6664 164.6664 163.7997 139.4363 139.8448 140.8987 142.421 143.7277 132.3099 135.2329 135.3583 131.7663 123.1062 123.1062 113.8787 103.2838 92.48802 81.37891 81.37891 70.20451 63.80818 54.31211 54.31211 45.73682 45.6904 40.18599 40.18599 36.49342 42.86692 43.28396 43.28396 46.20521 58.1063 65.55683 65.55683 79.52527 91.22653 91.22653 105.9604 120.5867 139.3799 139.3799 150.7383 174.3117 174.3117
251.425 260.5718 260.5718 270.9366 282.3044 294.3321 306.5928 283.4572 291.4063 298.6381 305.0309 310.5616 315.2956 270.0233 272.4925 272.4925 274.9591 277.372 232.4643 234.7631 236.6073 237.7965 238.2061 198.8098 198.8098 198.2679 197.1879 195.6839 163.7997 162.8593 162.0218 162.0218 140.8987 142.421 143.7277 143.8249 141.7361 135.3583 131.7663 124.8915 115.6351 103.2838 103.2838 91.83799 79.95951 70.20451 59.35915 59.35915 49.23309 45.73682 38.44873 38.44873 32.81093 36.49342 34.94422 34.94422 43.28396 46.20521 51.86789 51.86789 65.55683 75.92562 89.39884 89.39884 105.9604 123.9856 123.9856 139.3799 161.9918 161.9918 188.9716 203.5219
265.0635 276.679 290.0905 282.3044 294.3321 306.5928 318.6345 318.6345 330.0435 340.4975 305.0309 310.5616 315.2956 319.3582 322.8843 274.9591 277.372 279.593 281.4523 281.4523 236.6073 237.7965 238.2061 237.8135 236.6821 197.1879 195.6839 195.6839 193.8328 191.7087 162.0218 161.3526 160.6416 159.3917 143.7277 143.8249 141.7361 136.9356 129.5182 124.8915 115.6351 104.7628 92.88608 79.95951 79.95951 68.08853 56.65041 49.23309 40.19296 40.19296 32.60054 32.81093 29.17649 29.17649 34.94422 35.83798 39.44251 39.44251 51.86789 60.48315 72.23905 72.23905 89.39884 106.1612 106.1612 123.9856 145.6174 171.1834 171.1834 188.9716 220.7732 220.7732
265.0635 276.679 290.0905 304.9879 320.8838 337.1733 318.6345 330.0435 340.4975 349.7975 357.8715 364.7533 315.2956 319.3582 322.8843 325.9662 328.6261 330.8246 281.4523 282.7807 283.4355 283.3276 282.4345 237.8135 236.6821 234.9068 232.5636 193.8328 191.7087 189.3727 189.3727 186.8039 160.6416 159.3917 156.9609 152.7722 141.7361 136.9356 129.5182 119.9525 104.7628 92.88608 92.88608 80.55247 68.08853 56.65041 46.03005 46.03005 40.19296 32.60054 26.8224 26.8224 29.17649 27.87769 29.21759 29.21759 39.44251 45.99374 55.69439 55.69439 72.23905 87.30438 105.8314 106.1612 126.4142 150.3859 150.3859 171.1834 200.9849 200.9849 220.7732 257.3954
278.3106 293.4561 311.4551 304.9879 320.8838 337.1733 353.2203 368.449 382.4183 349.7975 357.8715 364.7533 370.5463 375.3803 379.3734 328.6261 328.6261 330.8246 332.4849 333.5189 283.4355 283.3276 282.4345 280.7834 278.4139 232.5636 232.5636 229.6957 226.3201 189.3727 186.8039 183.8325 180.1414 180.1414 156.9609 152.7722 146.5102 138.1986 119.9525 119.9525 108.8213 96.71194 80.55247 68.25365 68.25365 56.4122 46.03005 36.59335 28.71347 28.71347 26.8224 23.21897 22.13227 22.13227 29.21759 33.46443 40.8473 45.99374 55.69439 68.71304 85.18568 87.30438 105.8314 127.9612 126.4142 150.3859 178.3087 210.384 200.9849 235.2607 274.1719 257.3954
293.4561 311.4551 331.8238 353.797 376.4213 398.7013 368.449 368.449 382.4183 394.8588 405.6687 414.8789 370.5463 375.3803 379.3734 382.6085 385.127 332.4849 333.5189 333.8503 333.4331 333.4331 282.4345 280.7834 278.4139 275.3459 271.5686 226.3201 222.4273 222.4273 217.9642 212.8169 180.1414 175.3499 169.1374 161.3482 146.5102 138.1986 128.1322 116.7524 96.71194 96.71194 84.16307 71.63377 56.4122 45.40793 45.40793 35.61894 28.71347 22.77493 19.15901 19.15901 22.13227 23.87338 28.71235 33.46443 40.8473 51.55153 65.7153 68.71304 85.18568 105.2182 105.8314 127.9612 153.8348 183.5968 178.3087 210.384 246.7859 235.2607 274.1719 317.9489
298.176 318.4464 341.6112 353.797 376.4213 398.7013 419.7634 438.9816 456.0245 405.6687 414.8789 422.6039 428.9962 428.9962 434.2118 382.6085 385.127 386.9374 388.0307 388.3955 333.4331 332.2534 330.313 327.6043 327.6043 275.3459 271.5686 267.0428 261.7101 217.9642 212.8169 206.8203 206.8203 199.8034 169.1374 161.3482 152.0334 141.4168 128.1322 116.7524 104.5343 91.91376 71.63377 59.51829 59.51829 48.19332 35.61894 27.44394 27.44394 21.29856 19.15901 18.22894 20.31286 23.87338 28.71235 36.86907 48.50525 51.55153 65.7153 83.42876 105.2182 105.2182 128.8896 156.2592 153.8348 183.5968 217.3888 246.7859 246.7859 287.7422 333.6799 317.9489
298.176 318.4464 341.6112 366.7364 392.6462 418.1144 419.7634 438.9816 456.0245 470.8193 483.4664 494.1533 428.9962 434.2118 438.3887 441.6371 444.0383 388.0307 388.0307 388.3955 388.028 386.9286 330.313 327.6043 324.0893 319.691 314.3014 267.0428 261.7101 255.5018 248.3524 206.8203 199.8034 191.6536 182.3667 182.3667 152.0334 141.4168 129.8164 117.5624 91.91376 91.91376 79.26865 66.94921 48.19332 38.05666 38.05666 27.44394 21.29856 17.59946 17.59946 18.22894 20.31286 25.68779 34.56597 36.86907 48.50525 63.71885 83.42876 83.42876 104.737 129.6458 128.8896 156.2592 187.3821 217.3888 217.3888 255.3582 297.7282 287.7422 333.6799 385.2907
326.007 354.0477 384.7465 392.6462 418.1144 442.0837 463.8341 463.8341 483.0363 470.8193 483.4664 494.1533 503.0971 510.5176 438.3887 441.6371 444.0383 445.6514 446.5216 388.028 386.9286 385.0875 382.4619 382.4619 324.0893 319.691 314.3014 307.8029 300.1006 248.3524 240.2193 240.2193 231.1116 191.6536 182.3667 172.0538 160.9056 141.4168 129.8164 117.5624 104.955 79.26865 66.94921 66.94921 55.32213 38.05666 29.53969 23.10073 23.10073 17.59946 16.74575 19.09551 24.94283 25.68779 34.56597 47.08181 63.71885 63.71885 82.54276 104.9474 129.6458 129.6458 158.13 187.3821 187.3821 222.3267 261.1896 297.7282 297.7282 344.9222 385.2907 385.2907
326.007 354.0477 384.7465 416.4733 447.5151 476.4322 463.8341 483.0363 499.6825 513.9538 526.1002 536.3782 510.5176 516.6243 516.6243 521.6061 525.6244 445.6514 446.5216 446.6865 446.1709 444.9693 382.4619 378.9551 374.4081 368.6138 314.3014 307.8029 300.1006 291.1612 281.0486 231.1116 221.1118 210.3768 210.3768 172.0538 160.9056 149.1342 136.9267 104.955 104.955 92.26837 79.78694 55.32213 44.79883 35.84473 35.84473 23.10073 19.20811 18.31478 18.31478 19.09551 24.94283 34.49718 47.08181 47.08181 63.28501 83.13944 104.9474 104.9474 130.8496 158.13 158.13 190.1491 225.6735 261.1896 261.1896 304.1264 344.9222 397.5978 397.5978 443.425
328.0769 361.5937 398.7209 416.4733 447.5151 476.4322 502.3375 524.967 544.5189 513.9538 526.1002 536.3782 545.0357 552.3108 521.6061 525.6244 528.8109 531.2752 533.1127 446.1709 446.1709 444.9693 443.0152 440.1496 374.4081 368.6138 361.3593 352.489 291.1612 291.1612 281.0486 269.9444 258.1391 210.3768 199.1075 187.4949 175.6691 149.1342 136.9267 124.4348 111.8016 79.78694 67.84448 67.84448 56.85157 35.84473 28.97251 24.72107 24.72107 18.31478 20.82667 27.06971 24.94283 34.49718 47.86541 65.04256 83.13944 83.13944 106.5269 130.8496 160.1248 160.1248 192.624 225.6735 225.6735 264.706 304.1264 351.4137 351.4137 397.5978 456.4626 456.4626
361.5937 398.7209 437.204 474.607 508.9087 539.0105 502.3375 524.967 544.5189 561.3874 575.9595 588.5552 545.0357 552.3108 558.423 563.5621 567.8829 531.2752 533.1127 534.4009 535.1695 535.3435 440.1496 436.1063 436.1063 430.5338 361.3593 352.489 341.9774 329.9867 269.9444 258.1391 245.9861 245.9861 233.8231 187.4949 175.6691 163.6752 151.4905 124.4348 111.8016 99.208 86.92149 56.85157 47.30748 47.30748 28.97251 24.72107 23.62104 26.15022 20.82667 27.06971 37.25998 51.47976 47.86541 65.04256 85.91125 106.5269 133.2587 133.2587 163.0925 192.624 192.624 228.1972 264.706 307.2883 307.2883 351.4137 403.4524 460.5487 460.5487 522.0063
363.4759 408.1208 454.6661 474.607 508.9087 539.0105 564.8545 587.0702 606.4297 575.9595 588.5552 599.4568 608.9416 617.2758 563.5621 567.8829 567.8829 571.5149 574.5773 534.4009 535.1695 535.3435 534.675 532.6998 430.5338 423.0652 413.4255 401.5552 341.9774 329.9867 316.8885 303.2282 245.9861 233.8231 221.8852 210.2393 175.6691 163.6752 151.4905 139.0797 99.208 86.92149 86.92149 75.33475 47.30748 39.79364 34.94442 33.39891 23.62104 26.15022 32.68782 43.47185 37.25998 51.47976 69.66477 85.91125 110.2493 110.2493 137.7442 163.0925 195.7523 195.7523 228.1972 266.7178 266.7178 307.2883 353.4987 403.4133 403.4133 460.5487 522.4377 522.4377
363.4759 408.1208 454.6661 499.5461 539.7684 573.925 564.8545 587.0702 606.4297 623.5032 638.6444 599.4568 608.9416 617.2758 624.687 631.3505 571.5149 574.5773 577.1791 579.3844 581.135 534.675 532.6998 528.7629 528.7629 522.1395 413.4255 401.5552 387.7076 372.4826 303.2282 289.6267 276.6363 276.6363 221.8852 210.2393 198.7707 187.2316 139.0797 139.0797 126.4683 113.8183 75.33475 64.98347 56.53629 56.53629 34.94442 33.39891 35.74015 42.43055 32.68782 43.47185 58.56676 69.66477 91.60526 91.60526 116.9567 137.7442 168.0155 168.0155 195.7523 230.9515 268.4143 266.7178 308.0847 352.1909 352.1909 403.4133 456.9174 513.3002 522.4377 587.5405
412.2905 468.7717 522.7956 539.7684 573.925 602.4429 626.8036 648.4056 623.5032 638.6444 652.1382 664.2963 675.4396 675.4396 624.687 631.3505 637.407 643.0004 648.2969 579.3844 581.135 582.1507 581.8562 528.7629 522.1395 512.2391 498.8435 482.3035 387.7076 372.4826 356.7672 341.5711 276.6363 264.5914 253.5078 243.0706 198.7707 187.2316 175.3389 162.8958 113.8183 101.4854 90.044 90.044 56.53629 50.75502 48.42879 50.29113 35.74015 42.43055 53.75293 58.56676 77.84652 77.84652 100.9963 116.9567 145.2615 145.2615 168.0155 200.6419 235.1862 230.9515 268.4143 307.8835 349.0929 352.1909 398.8548 447.679 456.9174 513.3002 570.7377 651.7986
412.2905 468.7717 522.7956 569.634 607.3884 637.5645 626.8036 648.4056 668.0002 685.8766 702.2697 664.2963 675.4396 685.8278 695.6238 704.9305 643.0004 648.2969 653.4465 658.4626 663.0477 581.8562 581.8562 579.3988 573.7997 512.2391 498.8435 482.3035 463.6248 444.3825 341.5711 327.7843 327.7843 315.9245 253.5078 243.0706 232.7242 221.8381 162.8958 162.8958 149.9082 136.6683 90.044 80.27371 73.10607 48.42879 48.42879 50.29113 56.93028 53.75293 69.76603 69.76603 90.281 100.9963 127.5288 127.5288 145.2615 175.9798 208.523 242.2894 235.1862 271.2188 308.3305 307.8835 349.0929 391.7005 447.679 447.679 497.8 570.7377 570.7377 625.949
410.1037 479.1576 544.8297 569.634 607.3884 637.5645 663.2781 686.8265 668.0002 685.8766 702.2697 717.5455 732.1196 746.2879 695.6238 704.9305 713.8771 722.6865 653.4465 658.4626 663.0477 666.4391 667.3887 573.7997 564.226 550.3104 532.4213 482.3035 463.6248 444.3825 426.4345 411.4597 315.9245 305.9655 297.322 289.0031 232.7242 221.8381 209.9002 149.9082 136.6683 123.7905 112.1948 80.27371 73.10607 69.53632 70.5107 56.93028 56.93028 68.70695 85.69252 90.281 114.863 114.863 127.5288 156.8161 188.132 220.6976 208.523 242.2894 276.6942 308.3305 308.3305 346.1214 391.7005 391.7005 435.1861 497.8 547.6201 547.6201 594.767 674.6514
479.1576 544.8297 599.1954 639.5698 669.847 663.2781 686.8265 708.9413 729.6367 749.0889 767.8291 732.1196 746.2879 760.1478 773.672 786.8886 722.6865 731.6456 740.9348 740.9348 750.3406 666.4391 667.3887 664.3707 656.0024 550.3104 532.4213 511.7938 490.4443 426.4345 411.4597 400.4471 400.4471 305.9655 297.322 289.0031 279.8835 209.9002 196.6897 182.3978 182.3978 123.7905 112.1948 103.038 97.59637 70.5107 70.5107 76.8033 88.90056 85.69252 107.6353 107.6353 114.863 142.8571 173.433 205.6448 188.132 220.6976 253.729 276.6942 276.6942 311.1907 346.1214 384.1589 384.1589 435.1861 478.7175 478.7175 521.0394 594.767 636.5489 636.5489
484.45 565.6218 599.1954 639.5698 669.847 696.2018 721.767 746.4276 729.6367 749.0889 767.8291 786.468 805.3519 760.1478 773.672 786.8886 800.0411 813.6022 740.9348 750.3406 758.9454 764.9977 766.1766 656.0024 641.5479 621.3426 621.3426 511.7938 490.4443 470.815 455.1616 400.4471 393.3343 388.9722 385.4416 279.8835 279.8835 269.003 255.8197 182.3978 167.6782 153.6275 141.6975 103.038 97.59637 97.11469 102.6371 88.90056 106.9132 106.9132 107.6353 133.9632 163.82 163.82 173.433 205.6448 238.4939 253.729 253.729 286.481 311.1907 345.2748 345.2748 378.4706 421.9113 458.678 458.678 521.0394 560.5136 560.5136 636.5489 670.9019
484.45 565.6218 628.9146 670.2401 698.6255 696.2018 721.767 769.6722 791.9214 814.2184 837.5411 805.3519 824.4224 843.3608 861.9191 861.9191 800.0411 813.6022 828.0714 843.5441 758.9454 764.9977 766.1766 760.257 745.8984 621.3426 597.0288 571.4978 548.4261 455.1616 444.8416 439.7917 439.7917 388.9722 385.4416 380.5811 372.5221 255.8197 240.3735 223.3539 223.3539 153.6275 141.6975 133.5446 97.11469 102.6371 102.6371 114.8438 106.9132 130.5281 159.0114 159.0114 163.82 196.1319 229.6894 238.4939 238.4939 270.9938 286.481 318.2802 318.2802 348.5455 378.4706 410.2968 410.2968 458.678 493.5512 525.4629 560.5136 595.4056 624.3359 670.9019
584.4332 659.9474 670.2401 698.6255 726.0657 754.9278 781.8889 806.2863 791.9214 814.2184 837.5411 862.2744 888.0441 843.3608 861.9191 880.238 898.9791 919.177 843.5441 859.1131 872.4364 880.0297 760.257 745.8984 723.2776 723.2776 694.4584 571.4978 548.4261 531.3607 522.5378 439.7917 438.4703 438.3137 436.4721 372.5221 372.5221 360.0867 343.0115 223.3539 206.0756 190.3701 133.5446 133.5446 130.8283 134.9795 114.8438 133.9238 159.505 159.505 159.0114 191.2621 225.9062 229.6894 229.6894 263.2364 270.9938 302.2292 302.2292 331.4045 348.5455 376.7935 376.7935 410.2968 440.2324 467.7028 493.5512 525.4629 553.3361 624.3359 624.3359 646.6093
584.4332 659.9474 700.43 724.4702 756.549 754.9278 781.8889 806.2863 830.0895 855.5691 884.1945 862.2744 888.0441 913.9736 939.218 880.238 898.9791 919.177 941.6929 966.11 872.4364 880.0297 878.3916 865.2745 723.2776 694.4584 663.4167 635.5275 616.3107 522.5378 521.9301 521.9301 527.1151 438.3137 436.4721 430.5059 418.8581 343.0115 322.0224 298.799 206.0756 190.3701 178.3988 172.391 134.9795 146.9697 167.1234 167.1234 159.505 190.6584 225.9767 191.2621 225.9062 261.4139 263.2364 295.557 295.557 325.5533 331.4045 357.8798 381.1907 376.7935 402.6306 425.7389 440.2324 467.7028 492.11 553.3361 553.3361 576.2691 593.6243 662.0936
599.1204 695.94 700.43 724.4702 791.7073 818.5295 839.8908 862.3891 855.5691 884.1945 916.2338 950.7127 985.8016 939.218 963.5223 987.6183 1013.339 1043.123 966.11 989.4915 1006.548 1011.827 865.2745 840.5275 840.5275 806.5627 663.4167 635.5275 616.3107 609.5131 521.9301 527.1151 534.1065 538.6211 430.5059 418.8581 418.8581 401.0862 322.0224 298.799 275.8456 256.2618 172.391 172.391 174.3272 185.6103 167.1234 195.0149 229.473 190.6584 225.9767 263.7095 261.4139 296.2226 296.2226 328.853 325.5533 352.3095 375.1399 357.8798 381.1907 401.0562 425.7389 425.7389 445.8685 462.8469 492.11 512.9042 529.6434 593.6243 593.6243 604.9031
695.94 739.019 755.2695 800.7032 842.1731 818.5295 839.8908 862.3891 890.2003 924.9437 916.2338 950.7127 985.8016 1019.542 1050.726 987.6183 1013.339 1043.123 1078.196 1115.278 1006.548 1011.827 1001.888 976.136 806.5627 768.5292 733.9301 711.2145 609.5131 615.2709 629.731 629.731 534.1065 538.6211 537.1181 527.3574 401.0862 377.924 351.2361 323.8907 275.8456 256.2618 243.39 174.3272 185.6103 206.7867 237.3865 195.0149 229.473 268.6959 263.7095 301.9301 301.9301 338.7072 328.853 358.0094 382.6575 352.3095 375.1399 393.6198 401.0562 401.0562 417.3758 430.2226 462.8469 462.8469 476.6057 529.6434 541.9827 541.9827 604.9031 609.3434
736.373 808.9467 755.2695 800.7032 842.1731 858.5477 868.5136 885.8362 924.9437 966.2722 1012.172 1059.391 1104.184 1050.726 1079.839 1109.792 1145.706 1078.196 1115.278 1145.896 1161.562 1157.725 976.136 937.1396 937.1396 891.0096 733.9301 711.2145 706.8613 721.5688 629.731 646.6781 659.8461 664.4016 527.3574 508.5849 481.5324 481.5324 351.2361 323.8907 299.5288 243.39 240.342 249.4557 249.4557 206.7867 237.3865 275.9274 320.0862 310.45 310.45 352.31 338.7072 372.2582 401.0742 358.0094 382.6575 402.0813 415.916 393.6198 407.5995 417.2052 430.2226 430.2226 439.8384 476.6057 487.1949 487.1949 541.9827 549.5765 551.9484 609.3434
736.373 835.5056 888.7094 906.9666 891.9824 868.5136 885.8362 915.5051 957.9633 1011.338 1012.172 1059.391 1104.184 1143.511 1177.005 1109.792 1145.706 1192.701 1248.397 1145.896 1161.562 1157.725 1133.5 1091.305 891.0096 847.4569 818.9184 817.0104 721.5688 748.9709 779.1786 803.3226 659.8461 664.4016 657.4171 637.8469 481.5324 448.3515 412.5199 299.5288 282.1796 282.1796 275.6968 249.4557 271.8008 306.8743 352.5968 320.0862 320.0862 366.9953 352.31 391.8969 427.0801 372.2582 401.0742 424.0094 440.3386 415.916 415.916 424.1614 417.2052 422.8303 422.8303 439.8384 446.6329 451.1817 487.1949 494.7538 499.4484 549.5765 551.9484 548.4727
825.2761 931.7565 888.7094 906.9666 891.9824 883.1789 894.4978 915.5051 957.9633 1011.338 1135.246 1194.764 1143.511 1177.005 1209.114 1248.8 1307.304 1248.397 1297.602 1327.297 1333.382 1315.225 1091.305 1037.603 983.6178 983.6178 818.9184 817.0104 844.2896 889.4368 779.1786 803.3226 815.3624 811.9265 637.8469 606.389 565.4026 448.3515 412.5199 378.659 352.1378 275.6968 283.0666 305.7458 343.2387 306.8743 352.5968 405.617 366.9953 413.5924 456.9526 391.8969 427.0801 456.1273 477.7997 440.3386 440.3386 449.7831 424.1614 427.1777 427.1777 422.8303 425.123 424.972 446.6329 451.1817 454.2076 499.4484 499.4484 501.4575 548.4727 538.7947
825.2761 931.7565 957.5594 927.1952 868.0126 894.4978 928.1234 981.6356 1050.713 1130.004 1135.246 1194.764 1244.636 1282.31 1314.254 1248.8 1307.304 1388.355 1460.1 1327.297 1333.382 1315.225 1274.495 1217.264 983.6178 945.9215 945.3328 844.2896 889.4368 936.1888 972.8512 815.3624 811.9265 811.9265 791.7968 606.389 565.4026 518.9133 472.6047 352.1378 338.353 341.7101 283.0666 305.7458 343.2387 393.0813 405.617 461.8381 517.0132 413.5924 456.9526 494.5505 524.4331 477.7997 477.7997 491.3973 449.7831 452.5131 449.1311 427.1777 425.6717 420.6768 424.972 424.972 423.4943 454.2076 454.2076 456.5467 459.1471 501.132 501.132 499.3869
732.0508 828.3524 927.1952 886.2263 868.0126 881.3619 925.7921 981.6356 1050.713 1130.004 1213.2 1292.36 1282.31 1314.254 1357.533 1427.854 1536.93 1460.1 1505.597 1526.238 1521.276 1274.495 1217.264 1155.392 1107.18 945.9215 945.3328 990.6586 1059.243 936.1888 972.8512 993.0139 993.4793 791.7968 755.5732 705.5956 646.1533 472.6047 472.6047 433.5329 338.353 341.7101 364.5547 406.4479 393.0813 451.2503 451.2503 461.8381 517.0132 567.2694 609.473 524.4331 524.4331 545.3066 491.3973 496.7657 494.2737 452.5131 449.1311 440.6453 428.4358 420.6768 413.5338 405.8791 422.0256 422.0256 422.1018 459.1471 463.1991 463.1991 499.3869 498.21
732.0508 828.3524 831.7896 815.4219 814.2696 881.3619 996.1714 1085.29 1185.886 1291.558 1292.36 1357.862 1402.476 1430.225 1357.533 1427.854 1536.93 1625.671 1686.462 1526.238 1521.276 1489.926 1437.226 1155.392 1107.18 1104.453 1176.594 1059.243 1123.912 1172.247 1199.556 993.4793 973.0581 932.1079 872.4946 705.5956 646.1533 583.8678 433.5329 409.268 406.3819 428.666 406.4479 406.4479 464.1127 532.0969 512.8639 572.9543 627.117 609.473 609.473 641.4146 545.3066 556.5529 558.1968 496.7657 494.2737 484.777 469.5656 428.4358 428.4358 414.2309 405.8791 405.8791 399.6446 422.1018 425.4283 425.4283 463.1991 470.4 483.1878 498.21
381.9368 669.1513 815.4219 814.2696 845.0699 911.0587 1006.335 1085.29 1185.886 1291.558 1394.954 1484.594 1402.476 1430.225 1472.573 1661.824 1625.671 1686.462 1728.86 1747.458 1735.811 1437.226 1377.309 1331.987 1334.723 1176.594 1176.594 1271.214 1348.354 1172.247 1199.556 1203.573 1183.242 932.1079 872.4946 798.0967 583.8678 527.7972 488.5734 488.5734 406.3819 428.666 475.8375 464.1127 532.0969 603.8915 673.1019 572.9543 627.117 671.9268 641.4146 661.8431 670.3956 556.5529 558.1968 550.8489 535.6327 469.5656 469.5656 450.3044 414.2309 400.1127 400.1127 399.6446 397.0469 400.5149 425.4283 433.8837 449.5878 483.1878 483.1878 504.8701
581.361 669.1513 703.4075 736.0902 845.0699 911.0587 1006.335 1242.251 1367.414 1493.119 1484.594 1548.789 1581.484 1602.684 1552.244 1661.824 1767.061 1854.159 1930.057 1747.458 1735.811 1696.108 1646.766 1331.987 1334.723 1434.129 1534.572 1348.354 1403.318 1434.837 1441.402 1183.242 1138.413 1069.782 798.0967 715.8947 715.8947 637.0461 488.5734 476.1549 496.7464 475.8375 543.4063 623.7961 623.7961 603.8915 673.1019 734.3496 671.9268 705.1093 705.1093 725.5183 670.3956 667.475 654.1176 535.6327 535.6327 514.0916 450.3044 429.0046 429.0046 400.1127 388.5517 382.4209 397.0469 400.5149 412.5364 449.5878 449.5878 474.9226 504.8701 539.8837
