Initial_model/Offshore_Basin.txt
ncols         334
nrows         334
xllcorner     -3340000
yllcorner     -3340000
cellsize      20000
NODATA_value  -9999
[rows 256 to 287 of 334, columns 144 to 215 of 334]
779.8125 678 609.9375 605.75 774.1875 784.8125 789.6875 792.1875 797.8125 789.0625 749.8125 729.5625 716.3125 754.5 857.6875 1036.438 1291.563 1592.188 1849.25 1896.125 851.875 680.3125 503.8125 1004.063 1686.063 2426.625 4460 3281 1885.688 1521.313 2378.563 2957.188 3022.063 3114.75 3101.938 2834.813 2570 2123.5 1099.125 -9999 115.0986 -9999 -9999 -9999 -9999 -9999 -9999 -9999 -9999 -9999 -9999 -9999 -9999 -9999 -9999 -9999 -9999 -9999 -9999 -9999 -9999 -9999 -9999 -9999 -9999 -9999 -9999 -9999 -9999 -9999 -9999 -9999
726.0625 678 609.9375 605.75 635.25 667.5 690.0625 760.25 827.9375 861.0625 749.8125 717.375 728.0625 754.5 857.6875 1036.438 1291.563 1592.188 1849.25 1896.125 1560.125 1066 1010.375 1844.813 3335.188 4624.688 4460 3281 1885.688 1521.313 2378.563 2800.875 2974.25 3114.75 3101.938 2834.813 1938.875 774.4375 -9999 -9999 -9999 -9999 -9999 -9999 -9999 -9999 -9999 -9999 -9999 -9999 -9999 -9999 -9999 -9999 -9999 -9999 -9999 -9999 -9999 -9999 -9999 -9999 -9999 -9999 -9999 -9999 -9999 -9999 -9999 -9999 -9999 -9999
680.375 602.9375 586.625 616.3125 695.1875 667.5 722.3125 797.0625 827.9375 861.0625 859.5 842.3125 829.625 837.1875 850.75 900.4375 972.75 1032.25 1005 894.0625 822 887.125 1021 1544.5 2331.438 3804.438 4076.125 3067.5 1764.813 1901.5 2602.688 4383.563 5087 4844.813 4275.563 3277.313 1938.875 1291.813 381.8125 -9999 -9999 -9999 -9999 -9999 -9999 -9999 -9999 -9999 -9999 -9999 -9999 -9999 -9999 -9999 -9999 -9999 -9999 -9999 -9999 -9999 -9999 -9999 -9999 -9999 -9999 -9999 -9999 -9999 -9999 -9999 -9999 -9999
722.0625 602.9375 592.4375 652.25 695.1875 799.6875 929.6249 1037.563 1060.875 1045.813 993.1875 842.3125 829.625 837.1875 872.0625 900.4375 972.75 1032.25 1005 894.0625 822 887.125 1021 1544.5 2331.438 3804.438 4076.125 3067.5 1764.813 1597.125 2602.688 4383.563 5087 4844.813 4275.563 4192 2984.75 1541.5 -9999 -9999 -9999 -9999 -9999 -9999 -9999 -9999 -9999 -9999 -9999 -9999 -9999 -9999 -9999 -9999 -9999 -9999 -9999 -9999 -9999 -9999 -9999 -9999 -9999 -9999 -9999 -9999 -9999 -9999 -9999 -9999 -9999 -9999
702.625 692.4375 705.6875 769.25 875.25 1017 929.6249 1037.563 1060.875 1021.875 963.25 931.625 861.8125 784.125 694.6875 578.25 505.0625 328.375 147.9375 72.93747 180.125 473.5625 685.25 1588.563 2276.625 2588.438 2181.188 1587.438 1429.188 1887.625 3527.375 5021.25 5179.25 4948.438 4825.625 4192 2984.75 1541.5 -9999 -9999 -9999 -9999 -9999 -9999 -9999 -9999 -9999 -9999 -9999 -9999 -9999 -9999 -9999 -9999 -9999 -9999 -9999 -9999 -9999 -9999 -9999 -9999 -9999 -9999 -9999 -9999 -9999 -9999 -9999 -9999 -9999 -9999
757.125 692.4375 731.75 769.25 875.25 1017 1161.313 1200.188 1167.688 1098.375 1033.5 944.1875 861.8125 784.125 694.6875 578.25 421.5 328.375 147.9375 72.93747 180.125 473.5625 685.25 1588.563 2276.625 2588.438 2181.188 1587.438 1429.188 1887.625 3527.375 5021.25 5179.25 5051.813 4528.5 3515.875 2092.5 900.8125 433.625 -9999 -9999 -9999 -9999 -9999 -9999 -9999 -9999 -9999 -9999 -9999 -9999 -9999 -9999 -9999 -9999 -9999 -9999 -9999 -9999 -9999 -9999 -9999 -9999 -9999 -9999 -9999 -9999 -9999 -9999 -9999 -9999 -9999
756.3125 762.875 795.9375 848.3125 876.125 914.9375 1161.313 1196.75 1167.688 1098.375 1033.5 944.1875 806.1875 725.4375 561.1875 367.4375 161.375 88.49997 32.43747 119.8125 375.25 777.875 1087.438 2659.188 3490.125 2720.563 1442 989.9375 915 1975.375 3607.625 4543.5 4664.375 4684.5 4528.5 3515.875 2092.5 1467.438 433.625 -9999 -9999 -9999 -9999 -9999 -9999 -9999 -9999 -9999 -9999 -9999 -9999 -9999 -9999 -9999 -9999 -9999 -9999 -9999 -9999 -9999 -9999 -9999 -9999 -9999 -9999 -9999 -9999 -9999 -9999 -9999 -9999 -9999
784.5 802.0625 795.9375 848.3125 899.5625 917.625 908.1875 901.375 977.9375 1010.938 1028.125 958.75 760.375 532.5 561.1875 367.4375 161.375 44.74995 32.43747 119.8125 375.25 777.875 1087.438 2659.188 3490.125 2720.563 1442 989.9375 915 1975.375 3607.625 4220.688 3383.438 3466.125 3228.688 2516.063 2063.5 1260.625 -9999 -9999 -9999 -9999 -9999 -9999 -9999 -9999 -9999 -9999 -9999 -9999 -9999 -9999 -9999 -9999 -9999 -9999 -9999 -9999 -9999 -9999 -9999 -9999 -9999 -9999 -9999 -9999 -9999 -9999 -9999 -9999 -9999 -9999
784.5 802.0625 837.875 858.125 884.375 873.9375 852.3125 901.375 977.9375 1028.375 1028.125 958.75 760.375 532.5 447.1875 293.25 144.0625 59.43751 61.31251 225.125 633.25 1319.563 1803.375 3397.313 3887.813 2919.5 1461.75 926.625 718.9375 1533.313 2579.5 2970.938 3383.438 3466.125 3228.688 2927.063 2063.5 1260.625 -9999 -9999 -9999 -9999 -9999 -9999 -9999 -9999 -9999 -9999 -9999 -9999 -9999 -9999 -9999 -9999 -9999 -9999 -9999 -9999 -9999 -9999 -9999 -9999 -9999 -9999 -9999 -9999 -9999 -9999 -9999 -9999 -9999 -9999
785.3125 791.0625 837.875 874.625 884.375 873.9375 852.3125 870.25 893.75 914.1875 859.8125 798.4375 622.9375 517.1875 647.4375 293.25 144.0625 59.43751 113.1875 225.125 633.25 1319.563 2376.313 3397.313 3887.813 2919.5 2166.75 926.625 718.9375 1533.313 2076.625 1882.063 2157.563 2265.313 2258.813 2128.5 1865.063 1710.125 1437.176 -9999 -9999 -9999 -9999 -9999 -9999 -9999 -9999 -9999 -9999 -9999 -9999 -9999 -9999 -9999 -9999 -9999 -9999 -9999 -9999 -9999 -9999 -9999 -9999 -9999 -9999 -9999 -9999 -9999 -9999 -9999 -9999 -9999
785.3125 802.875 819.75 841 781.3125 707.75 559.25 602.9375 911.875 914.1875 859.8125 714.9375 622.9375 517.1875 647.4375 777.25 930.375 770.8125 572.6875 579.5 812.625 1225.75 1716.75 2077.25 2129.563 1710.5 1421.813 945.25 877.8125 1222.875 1457 1882.063 2157.563 2231.875 2258.813 2128.5 1865.063 1710.125 1639.563 -9999 1476.535 1345.825 -9999 -9999 -9999 -9999 -9999 -9999 -9999 -9999 -9999 -9999 -9999 -9999 -9999 1948.694 -9999 -9999 -9999 -9999 -9999 -9999 -9999 -9999 -9999 -9999 -9999 -9999 -9999 -9999 -9999 -9999
705.5625 695.6875 686.5625 841 781.3125 619.875 559.25 602.9375 701.0625 725.75 706.25 623.3125 607.3125 846.0625 1578.188 2533.625 2850.563 770.8125 572.6875 579.5 812.625 1225.75 1716.75 2077.25 2129.563 1710.5 1421.813 945.25 877.8125 1000.188 1069.813 1155.063 1286.875 1337.563 1372.125 1386.688 1426.813 1556.75 1639.563 1649.837 1476.535 1345.825 -9999 1773.136 -9999 -9999 -9999 -9999 -9999 -9999 -9999 -9999 -9999 -9999 -9999 1861.472 -9999 -9999 -9999 -9999 -9999 -9999 -9999 -9999 -9999 -9999 -9999 -9999 -9999 -9999 -9999 -9999
705.5625 695.6875 686.5625 630.4375 555.625 445.6875 516.9375 572.9375 664.8125 727.25 706.25 623.3125 666.6875 846.0625 1578.188 2533.625 2850.563 2700.063 2000.25 1689.063 1262.813 1031.125 919.3125 865.6875 777.6875 736.375 750.875 821.8125 942.125 1000.188 1069.813 1155.063 1221.125 1337.563 1372.125 1373.813 1426.813 1178.375 1360.688 1612.659 1611.027 1572.756 1629.315 1773.136 -9999 -9999 -9999 -9999 -9999 -9999 -9999 -9999 -9999 -9999 -9999 1977.371 2062.224 -9999 -9999 -9999 -9999 -9999 -9999 -9999 -9999 -9999 -9999 -9999 -9999 -9999 -9999 -9999
549.0625 457.9375 424.625 630.4375 479.0625 445.6875 516.9375 622.5625 664.8125 736.5 794.5 812.8125 929.0625 1116.313 1900.5 3128.813 3629.25 3691.188 2956.5 2088.313 1695.5 1031.125 919.3125 865.6875 777.6875 414.4375 505.4375 695.9375 826.4375 833.875 713.3125 647 689.3125 771.5 728.9375 713.4375 832.1875 1178.375 1360.688 1612.659 1647.493 1572.756 1629.315 1846.268 1940.409 1640.236 -9999 -9999 -9999 -9999 -9999 1178.768 1386.652 1511.784 -9999 -9999 2062.224 2216.104 2372.078 -9999 -9999 -9999 -9999 -9999 -9999 -9999 -9999 -9999 -9999 -9999 -9999 -9999
500.5625 457.9375 409.125 421.125 539.3125 682.25 717.875 719.25 711.0625 752.5625 794.5 812.8125 929.0625 1434.313 1900.5 3128.813 3823.688 3691.188 2956.5 2088.313 1695.5 1025.563 578.9375 383.8125 316.6875 414.4375 505.4375 695.9375 826.4375 833.875 713.3125 652.75 689.3125 771.5 760.1875 713.4375 563.8125 678 990.6875 1365.003 1491 1595.56 1651.504 1846.268 1940.409 1810.113 -9999 1324.662 1119.65 1066.713 1062.276 1178.768 1273.646 1511.784 1702.677 1961.099 2057.043 2216.104 2293.432 -9999 -9999 -9999 -9999 -9999 -9999 -9999 -9999 -9999 -9999 -9999 -9999 -9999
364.8125 330.4375 325 458.1875 539.3125 682.25 717.875 719.25 717.625 752.5625 899.1875 1016.813 1060.688 1266.188 1522.813 2456.563 3217.125 3291.688 2931.063 2258 1924.813 1333.063 886.375 605 412.375 399.125 519.375 633.625 664.375 663.3125 604.8125 582.5 582.75 546.4375 490.375 438.5625 481.9375 678 990.6875 1179.688 1491 1554.282 1580.778 1805.717 1903.576 1788.163 1629.132 1324.662 1119.65 1066.713 1062.276 1113.517 1300.548 1424.205 1702.677 1840.595 2057.043 2183.438 2339.985 2420.531 -9999 -9999 -9999 -9999 -9999 -9999 -9999 -9999 3506.328 -9999 -9999 -9999
364.8125 313.3125 325 458.1875 632.6875 687.375 771.5625 789.9375 819.125 870.5625 1061.688 1016.813 1060.688 1266.188 1936.438 2456.563 3217.125 3291.688 2931.063 2258 1924.813 1333.063 886.375 605 412.375 399.125 519.375 633.625 664.375 663.3125 604.8125 582.5 582.75 577.125 490.375 416.0625 430.75 491.0625 563.6875 863.4361 1256.462 1387.484 1580.778 1688.041 1903.576 1905.123 1629.132 1252.393 1152.184 1040.519 1033.555 1113.517 1195.431 1424.205 1574.729 1877.825 2007.857 2183.438 2261.269 2420.531 2515.263 2697.779 2794.295 -9999 -9999 3268.046 3438.234 3484.42 3505.225 -9999 3560.772 3522.516
321.0625 326.3125 351.125 364.1875 433.6875 687.375 771.5625 798.25 819.125 958.25 1061.688 1227.125 1277.75 1408.125 1882.313 2270 2903 2824.125 2601.313 2170.875 2025.25 1720.75 1406.625 1188.188 1007.125 946 862 792.8125 761.5625 713.3125 704.125 703.125 661.3125 603.0625 465.3125 423.0625 430.75 491.0625 563.6875 863.4361 1072.808 1192.307 1411.397 1517.458 1699.572 1704.895 1505.909 1374.116 1152.184 1080.37 972.7716 1013.677 1176.785 1293.267 1574.729 1727.767 2007.857 2089.718 2260.954 2344.1 2515.263 2604.81 2697.779 2915.806 3035.546 3268.046 3364.885 3438.234 3617.911 3604.983 3584.524 3522.516
321.0625 326.3125 351.125 385.9375 433.6875 698.3125 842.6875 933.8125 1001 1226.688 1331.688 1489.438 1324.375 1408.125 1882.313 2270 2903 2824.125 2601.313 2170.875 2025.25 1720.75 1406.625 1188.188 1007.125 946 862 792.8125 761.5625 713.3125 704.125 703.125 661.3125 603.0625 402.875 386.5 427 408.375 377.875 637.9463 854.879 1192.307 1307.428 1517.458 1622.424 1704.895 1351.304 1184.19 1097.096 979.6067 961.2912 1013.677 1082.488 1293.267 1391.392 1701.508 1853.682 2089.718 2177.621 2344.1 2401.204 2493.715 2692.128 2800.688 3035.546 3218.47 3359.904 3564.264 3608.869 3604.983 3648.044 3630.241
304.1875 288.125 293.5 334.1875 383.5 548.125 842.6875 933.8125 1107.063 1226.688 1420.125 1489.438 1493.125 1437.313 1571.25 1967.313 2120.313 2151 2053.625 1925.563 1976.125 1979.063 1810.875 1699.25 1590.563 1506.125 1251.438 1141.5 1029.063 990.8125 966.5625 866.875 786.4375 578.0625 402.875 386.5 427 408.375 377.875 472.8125 740.1848 862.1786 1060.982 1145.33 1313.161 1389.726 1351.304 1184.19 1097.096 1026.279 845.6391 877.2594 1017.712 1123.518 1391.392 1544.314 1853.682 1916.873 2129.051 2221.04 2401.204 2493.715 2590.163 2785.955 2922.776 3218.47 3359.904 3479.368 3749.271 3732.234 3687.384 3630.241
293.4375 288.125 307.5 334.1875 460.125 548.125 615.5625 636.25 856.875 1006.125 1225.625 1283.25 1254.5 1437.313 1571.25 1967.313 2120.313 2151 2053.625 1925.563 1976.125 1979.063 1810.875 1699.25 1590.563 1506.125 1251.438 1141.5 1029.063 990.8125 966.5625 866.875 786.4375 614.1875 502.6875 428.875 442.5 460.125 486 550.3082 740.1848 862.1786 1060.982 1145.33 1313.161 1026.956 1046.418 1006.516 898.8348 859.0544 845.6391 877.2594 1017.712 1041.12 1174.55 1476.531 1633.317 1916.873 2030.224 2221.04 2243.721 2340.86 2546.445 2660.749 2922.776 3094.237 3282.357 3612.809 3712 3749.271 3724.426 3644.963
293.4375 290.4375 330.875 363.0625 409.0625 408.5 367.0625 636.25 856.875 1006.125 1225.625 1295.625 1254.5 1109.625 1087.313 1150.063 1200.563 1289.938 1324.375 1393.625 1461.5 1669.125 1904.25 2037.813 1986.938 1871.813 1547.563 1431.375 1401.625 1441.25 1427.688 1144.125 952.6875 614.1875 502.6875 428.875 442.5 460.125 459.3125 746.9727 707.0234 729.5039 771.2328 858.8276 911.6623 1026.956 1055.419 1006.516 951.9703 665.51 674.4344 755.5308 829.3083 1041.12 1174.55 1476.531 1633.317 1682.641 1937.907 2045.913 2243.721 2340.86 2440.781 2605.243 2750.638 2914.248 3282.357 3462.522 3877.117 3897.512 3831.44 3724.426
343.25 303.8125 330.875 391.5 409.0625 389.8125 367.0625 425.375 514.25 682.4375 719.8125 669.25 612.625 548.25 1087.313 1150.063 1200.563 1289.938 1324.375 1393.625 1557.813 1669.125 1904.25 2037.813 1986.938 1871.813 1547.563 1431.375 1401.625 1441.25 1427.688 1313.875 928.3125 542.75 458.875 456.4375 496.4375 603.0625 663.9375 746.9727 707.0234 729.5039 771.2328 858.8276 911.6623 675.0937 718.9406 722.4064 697.995 675.2936 674.4344 704.1094 829.3083 812.7629 1075.554 1224.99 1534.815 1682.641 1817.714 2045.913 2043.236 2251.302 2359.55 2476.109 2750.638 2885.382 3104.294 3569.156 3760.464 3877.117 3885.317 3677.568
343.25 381.25 419.4375 496.5625 516.5625 525.25 518.6875 425.375 514.25 682.4375 719.8125 669.25 612.625 548.25 540.1875 532.75 534.25 588.8125 676.25 673.625 858.8125 1139.063 1983.438 2457.875 2349.813 2168.25 1803.438 1678.313 1591.625 1606.188 1565.625 1406.25 928.3125 704.625 458.875 437.75 496.4375 546.5625 663.9375 764.9483 690.9596 632.3828 583.1243 573.5676 584.5346 621.8592 718.9406 733.9328 697.995 448.1176 500.1065 551.5824 619.8196 812.7629 936.7639 1224.99 1264.206 1561.947 1697.553 1821.746 2043.236 2147.153 2251.302 2380.831 2525.37 2692.209 3104.294 3339.416 3652.738 4034.879 4026.761 3885.317
383.9375 414.5 462 496.5625 525.0625 525.25 505.875 491.4375 473.125 467.3125 455.3125 367.875 249.4375 264.5 385.75 412.8125 548.375 588.8125 676.25 673.625 858.8125 1139.063 1983.438 2457.875 2349.813 2168.25 1803.438 1678.313 1591.625 1606.188 1203.75 1080.75 751.8125 598.0625 456.625 467.4375 542.875 591.3125 709.1875 764.9483 690.9596 632.3828 583.1243 573.5676 287.4602 302.6169 416.0864 443.8011 449.8467 448.1176 465.0134 551.5824 619.8196 577.2957 818.9204 960.6262 1264.206 1416.255 1697.553 1821.746 1805.42 2026.142 2136.621 2253.108 2525.37 2605.803 2826.682 3366.67 3652.738 3896.174 4026.761 3854.442
383.9375 414.5 494.1875 532.9375 594.5 618.125 604.0625 553.8125 473.125 467.3125 424.4375 367.875 249.4375 264.5 385.75 412.8125 377.625 323.6875 191.625 144.6875 329.6875 707.6875 1956 2622.188 2417.813 2192.875 1791.938 1642.688 1437.125 1362.688 1203.75 1080.75 751.8125 598.0625 456.625 467.4375 542.875 591.3125 562.0625 592.6296 608.7614 517.5449 461.7957 360.1257 314.3656 302.6169 358.3535 443.8011 449.8467 226.5022 278.6558 335.8012 482.3064 577.2957 818.9204 960.6262 986.7759 1285.577 1428.18 1562.614 1805.42 1917.047 2026.142 2124.064 2261.428 2419.516 2826.682 3083.303 3313.15 3951.232 4122.967 4078.332
338.3125 382.5 494.1875 565.5625 594.5 625.9375 604.0625 553.8125 439.875 404.0625 374.1875 360 358.5 431.875 609.3125 616.25 506.5625 391.5 128.5 144.6875 329.6875 707.6875 1956 2622.188 2417.813 2192.875 1791.938 1347.688 1187.375 1111.188 950.8125 860.4375 763.5625 584.0625 523.6875 483.375 488.5 517.0625 538.5 592.6296 608.7614 517.5449 461.7957 360.1257 123.4522 73.91322 144.8985 197.2184 219.5488 226.5022 278.6558 335.8012 273.6151 450.3075 565.514 838.298 986.7759 1137.258 1428.18 1562.614 1541.858 1772.991 1885.322 2000.659 2261.428 2285.768 2484.791 3000.379 3313.15 3645.968 3951.232 3941.243
358.8125 382.5 408.3125 458.75 479.9375 497.125 482.8125 416.9375 382.75 385.5625 374.1875 360 358.5 431.875 609.3125 616.25 506.5625 391.5 128.5 40.62497 56.99997 225.375 898.8125 1478.125 1648 1601.563 1434.563 1347.688 1265.438 1111.188 1033.125 860.4375 763.5625 584.0625 523.6875 483.375 488.5 357.3125 368.125 406.3327 434.5419 425.8032 329.7717 265.6342 123.4522 73.91322 144.8985 197.2184 70.67655 75.1834 82.8461 204.9273 273.6151 353.4174 565.514 696.32 860.9271 1006.21 1149.052 1417.899 1541.858 1659.542 1885.322 1846.862 1974.744 2285.768 2484.791 2722.513 2819.321 3446.298 3809.416 4035.432
264.3125 275.8125 299.625 458.75 494.625 497.125 482.8125 416.9375 382.75 345.8125 345.3125 381.1875 422.4375 526.9375 550.3125 538 429.5 347.0625 166.75 89.74997 5.312503 10.93747 219.8125 573.625 876.75 952.8125 989.3125 987.4375 963.5 888.5625 839.9375 722.125 653.5 506 436.5 346.5 338.3125 345.125 368.125 377.5021 434.5419 425.8032 329.7717 161.3044 94.42315 6.151234 42.99237 90.17448 70.67655 72.61498 82.8461 139.515 171.429 239.7924 332.4876 577.0603 716.5794 860.9271 1149.052 1286.821 1267.607 1502.729 1615.491 1728.816 1974.744 1953.577 2123.049 2555.881 2819.321 3112.304 3446.298 3557.923
264.3125 287.5625 299.625 310.0625 322.8125 322.4375 306.625 294.25 282.4375 271.875 345.3125 381.1875 422.4375 526.9375 550.3125 495.1875 429.5 347.0625 166.75 89.74997 5.312503 10.93747 219.8125 573.625 876.75 952.8125 989.3125 987.4375 963.5 888.5625 839.9375 722.125 653.5 506 436.5 379.6875 296.625 284.4375 255.9375 252.5667 302.0462 300.0358 270.5746 161.3044 94.42315 6.151234 42.99237 93.02881 39.60844 28.19403 37.38248 99.45382 125.6427 239.7924 332.4876 447.0204 602.3944 739.4324 876.7193 1142.324 1267.607 1387.433 1615.491 1560.297 1678.469 1953.577 2123.049 2322.84 2323.86 2744.226 2989.009 3324.987
160.4375 166.9375 170.9375 176.6875 322.8125 322.4375 306.625 294.25 274.375 271.875 275.75 302.5625 323.375 360.5625 366.8125 337.1875 304.0625 262.4375 166.5625 119.1875 46.24998 33.74998 108.4375 285.9375 498.9375 579.6875 640.5 708.3125 721.25 713.9375 696.9375 637.3125 594.9375 544.4375 421.375 360.25 296.625 284.4375 255.9375 252.5667 278.2546 300.0358 188.9428 96.96812 47.12459 10.07169 26.02813 52.73397 56.04975 28.19403 18.32833 99.45382 71.87787 93.50984 229.9698 341.829 468.5228 739.4324 876.7193 877.2397 1115.233 1228.381 1338.753 1560.297 1678.469 1625.851 1769.011 2119.506 2323.86 2533.398 2744.226 2652.689
163.8125 166.9375 170.9375 176.6875 178.25 180.6875 181 180.1875 182.25 186.5 286.1875 302.5625 323.375 360.5625 366.8125 337.1875 304.0625 215.375 166.5625 119.1875 46.24998 33.74998 108.4375 285.9375 498.9375 579.6875 640.5 708.3125 721.25 713.9375 696.9375 671.1875 594.9375 544.4375 421.375 360.25 488.5 415.375 337.75 232.4277 228.6482 217.5419 188.9428 146.7601 47.12459 10.07169 2.650117 52.73397 24.89402 10.95292 12.73264 41.79144 71.87787 93.50984 145.3366 341.829 377.5914 501.1048 752.9481 877.2397 998.242 1228.381 1338.753 1275.016 1383.125 1625.851 1769.011 1932.843 1884.092 2188.823 2301.515 2440.342
