Initial_model/RIS_Basin.txt
ncols         667
nrows         667
xllcorner     -3335000
yllcorner     -3335000
cellsize      10000
NODATA_value  -9999
[rows 442 to 475 of 667, columns 308 to 384 of 667]
560.1968 728.6599 1070.066 1489.102 1798.671 1898.094 1851.165 1767.907 1732.285 1756.229 1756.654 1656.624 1465.732 1273.618 1129.413 992.9351 859.9545 765.8901 728.3344 718.4479 643.5685 465.6635 262.6141 114.9942 51.01373 58.86456 97.05475 169.2105 288.1794 454.2571 632.8214 832.4507 1137.589 1575.127 2056.514 2476.866 2758.607 2872.712 2843.526 2736.439 2634.7 2584.157 2552.77 2501.726 2489.227 2498.333 2386.378 2205.103 2098.999 2067.516 2057.603 2117.694 2295.31 2462.731 2501.029 2329.18 1941.424 1506.082 1210.757 1011.478 942.608 1025.721 1129.183 -9999 -9999 -9999 -9999 -9999 -9999 -9999 -9999 -9999 -9999 -9999 -9999 -9999 -9999
765.4917 894.8806 1188.141 1582.909 1883.058 1960.354 1883.171 1782.863 1729.327 1733.889 1758.042 1720.372 1563.369 1324.744 1086.444 877.3967 722.877 634.4949 596.868 575.6319 496.5073 333.2632 161.9055 54.1532 16.49054 29.10248 75.52051 181.771 344.2665 561.0592 783.5997 986.16 1239.572 1588.183 1996.358 2378.854 2650.444 2768.333 2753.988 2711.966 2701.682 2692.958 2639.373 2553.785 2547.176 2629.161 2635.743 2552.545 2506.636 2505.357 2472.047 2411.683 2413.615 2448.792 2428.055 2269.244 1943.09 1584.044 1371.355 1260.321 1238.457 1231.856 1253.11 -9999 -9999 -9999 -9999 -9999 -9999 -9999 -9999 -9999 -9999 -9999 -9999 -9999 -9999
982.9386 1071.934 1300.227 1665.545 1964.606 2013.889 1862.865 1686.653 1584.361 1576.636 1636.932 1663.952 1560.695 1311.974 995.541 712.8794 530.0536 434.7971 392.9933 375.4883 327.9977 214.9307 87.95929 22.1441 24.64331 56.12482 111.7022 244.3849 446.5577 699.3982 923.0754 1071.048 1225.212 1464.548 1786.811 2117.991 2365.393 2477.107 2491.022 2522.6 2572.411 2544.79 2428.62 2322.621 2355.54 2504.689 2592.881 2593.353 2614.592 2650.472 2624.071 2516.307 2390.905 2275.676 2155.635 1985.9 1709.614 1415.523 1278.222 1346.175 1552.586 1542.056 1497.764 -9999 -9999 -9999 -9999 -9999 -9999 -9999 -9999 -9999 -9999 -9999 -9999 -9999 -9999
1125.452 1205.888 1393.732 1736.802 2028.336 2036.293 1791.46 1520.931 1378.443 1398.789 1513.384 1585.018 1517.786 1284.887 942.235 619.3026 408.3906 297.0558 241.8145 219.0181 201.0693 143.4836 61.79645 26.22046 69.39349 149.9636 246.1832 406.6418 638.939 909.7996 1109.877 1190.885 1252.047 1383.474 1604.617 1870.445 2082.136 2169.731 2180.183 2235.337 2300.65 2223.743 2020.379 1863.532 1897.809 2066.737 2179.604 2205.385 2250.574 2317.257 2365.359 2347.714 2237.013 2085.064 1927.593 1714.265 1398.901 1116.611 1063.978 1352.896 1813.203 2052.766 2111.04 -9999 -9999 -9999 -9999 -9999 -9999 -9999 -9999 -9999 -9999 -9999 -9999 -9999 -9999
1251.733 1350.308 1520.698 1833.974 2092.376 2049.456 1725.4 1376.212 1206.064 1265.766 1432.272 1540.633 1521.359 1348.604 1041.921 708.5067 454.4682 305.9637 228.4561 193.1171 185.5115 162.6102 114.2825 98.49213 170.6478 314.5475 490.2432 710.9511 984.1907 1265.152 1447.89 1503.684 1515.585 1547.338 1638.546 1814.654 1993.297 2069.473 2072.528 2132.105 2193.937 2063.113 1768.599 1521.666 1471.752 1564.176 1615.85 1597.888 1622.126 1727.665 1909.861 2061.078 2064.429 2005.406 1912.045 1658.182 1232.121 898.4566 901.9832 1335.102 1818.031 2059.989 2365.969 -9999 -9999 -9999 -9999 -9999 -9999 -9999 -9999 -9999 -9999 -9999 -9999 -9999 -9999
1515.86 1604.371 1724.982 1968.669 2153.782 2050.128 1678.752 1294.498 1123.695 1206.085 1383.206 1509.683 1552.962 1479.05 1257.665 943.8627 641.8917 433.9856 318.257 263.8522 256.8866 256.5896 245.6217 270.2958 379.9867 575.2982 836.6921 1148.985 1481.519 1775.058 1961.247 2038.109 2058.794 2038.458 2026.394 2103.687 2232.234 2308.579 2343.077 2428.729 2470.361 2269.576 1887.504 1541.406 1357.075 1299.789 1226.98 1130.314 1121.11 1256.626 1533.207 1797.775 1917.166 1996.703 2007.771 1748.47 1242.121 868.3065 871.9573 1302.372 1801.729 1799.692 2169.485 -9999 -9999 -9999 -9999 -9999 -9999 -9999 -9999 -9999 -9999 -9999 -9999 -9999 -9999
1829.897 1869.112 1914.881 2069.688 2177.89 2044.739 1683.247 1316.643 1164.042 1233.882 1367.315 1477.763 1567.343 1589.199 1469.559 1201.263 869.7977 607.9383 452.6295 378.0844 376.9869 409.1586 453.2792 549.3273 712.5001 934.0882 1238.649 1621.178 2000.356 2301.106 2501.969 2622.198 2692.525 2690.179 2640.768 2637.308 2691.655 2764.163 2856.416 2970.607 2961.854 2679.301 2227.542 1810.349 1520.245 1334.172 1158.571 1014.416 997.1185 1143.668 1426.846 1708.095 1896.385 2053.797 2085.54 1795.149 1267.797 929.7625 905.2677 1162.166 1671.534 -9999 -9999 -9999 -9999 -9999 -9999 -9999 -9999 -9999 -9999 -9999 -9999 -9999 -9999 -9999 -9999
2079.378 2068.915 2058.879 2151.647 2230.34 2128.326 1825.665 1489.558 1317.155 1318.779 1380.449 1457.934 1563.492 1641.157 1594.669 1368.906 1033.941 755.796 599.2759 534.2472 551.8698 615.4496 698.1117 840.4446 1036.005 1259.022 1568.438 1974.724 2362.522 2655.427 2867.32 3031.004 3154.528 3189.974 3133.711 3059.594 3015.1 3054.266 3180.086 3289.15 3216.385 2883.546 2419.475 1995.512 1680.387 1461.305 1274.945 1147.112 1148.902 1282.734 1505.733 1745.953 1964.036 2121.02 2065.836 1690.024 1177.245 919.9664 846.2832 965.7183 -9999 -9999 -9999 -9999 -9999 -9999 -9999 -9999 -9999 -9999 -9999 -9999 -9999 -9999 -9999 -9999 -9999
2263.427 2182.118 2110.078 2178.271 2302.607 2300.142 2089.685 1776.872 1540.652 1433.19 1410.546 1449.077 1555.887 1669.651 1669.725 1476.705 1157.24 895.0283 770.7566 737.8954 766.9582 832.2958 906.9812 1032.873 1210.427 1401.586 1682.365 2073.557 2447.975 2730.055 2952.111 3144.787 3292.823 3325.249 3220.586 3057.167 2916.33 2910.742 3035.229 3114.837 2992.019 2649.099 2221.099 1848.636 1589.854 1438.206 1325.846 1254.18 1280.801 1389.728 1539.431 1724.127 1936.625 2048.155 1898.626 1476.295 1023.017 855.1414 807.2509 -9999 -9999 -9999 -9999 -9999 -9999 -9999 -9999 -9999 -9999 -9999 -9999 -9999 -9999 -9999 -9999 -9999 -9999
2433.901 2258.251 2110.757 2174.073 2379.454 2487.945 2362.272 2068.703 1765.446 1542.728 1435.631 1435.084 1537.332 1681.969 1722.314 1566.64 1288.933 1070.848 990.1234 977.7681 976.2938 991.1983 1001.031 1041.409 1140.885 1268.578 1510.581 1889.342 2269.391 2563.739 2788.236 2982.135 3126.896 3123.962 2931.682 2666.708 2459.957 2429.313 2545.192 2600.445 2449.363 2110.796 1721.741 1416.241 1241.256 1180.445 1144.675 1116.242 1155.914 1244.079 1354.47 1541.132 1756.143 1805.854 1639.259 1293.859 1010.657 922.5768 -9999 -9999 -9999 -9999 -9999 -9999 -9999 -9999 -9999 -9999 -9999 -9999 -9999 -9999 -9999 -9999 -9999 -9999 -9999
2610.979 2337.296 2121.009 2175.07 2421.482 2594.273 2541.518 2297.625 1972.875 1673.85 1509.115 1482.819 1567.224 1705.115 1739.334 1590.508 1354.661 1192.234 1152.98 1149.807 1106.879 1053.495 973.743 890.4879 876.5378 936.3904 1155.26 1546.534 1963.918 2285.363 2491.044 2638.133 2744.73 2701.374 2443.813 2120.986 1892.458 1851.641 1954.1 1991.275 1822.495 1487.686 1135.138 900.2327 812.571 826.4083 825.3807 794.4442 825.261 905.937 1025.747 1262.979 1300.163 1366.239 1299.589 1155.254 1066.283 893.6094 -9999 -9999 -9999 -9999 -9999 -9999 -9999 -9999 -9999 -9999 -9999 -9999 -9999 -9999 -9999 -9999 -9999 -9999 -9999
2728.315 2378.25 2122.643 2143.119 2346.344 2508.278 2514.617 2363.795 2100.87 1832.276 1688.203 1659.217 1705.621 1781.959 1736.212 1526.035 1291.42 1165.953 1160.584 1185.167 1153.044 1082.283 956.8915 784.9011 660.633 642.4464 828.2287 1221.856 1671.418 2013.213 2188.656 2264.147 2304.627 2229.79 1980.278 1679.903 1463.178 1410.331 1491.71 1508.953 1323.814 997.5419 688.351 528.1294 523.8086 591.0507 586.7951 511.0905 509.1801 587.2724 716.1603 913.6798 1414.571 845.6744 810.4266 730.7061 868.9304 1302.356 -9999 -9999 -9999 -9999 -9999 -9999 -9999 -9999 -9999 -9999 -9999 -9999 -9999 -9999 -9999 -9999 -9999 -9999 -9999
2683.858 2286.687 2027.948 2004.787 2110.373 2203.146 2235.874 2192.6 2073.601 1948.481 1888.525 1867.79 1868.233 1856.806 1693.362 1386.765 1123.711 1005.925 1004.118 1049.842 1065.768 1040.509 956.2977 803.1655 644.9504 569.3748 692.4177 1034.509 1460.918 1809.368 1981.925 1997.832 1945.642 1831.491 1634.246 1415.223 1246.668 1205.064 1279.353 1281.266 1088.242 787.7958 532.4275 432.5422 475.8024 556.3542 528.1002 405.733 367.2641 418.1402 480.7054 670.1494 833.4056 910.1475 1421.961 1554.103 1190.625 2219.13 -9999 -9999 -9999 -9999 -9999 -9999 -9999 -9999 -9999 -9999 -9999 -9999 -9999 -9999 -9999 -9999 -9999 -9999 -9999
2491.653 2047.823 1799.458 1767.01 1820.099 1856.101 1880.992 1915.879 1949.393 1977.809 2000.604 2013.786 2031.307 1992.027 1750.978 1361.242 1044.865 885.9697 842.2393 870.1351 911.2521 939.0353 954.9611 947.9923 891.8818 812.1391 832.8723 1038.575 1374.321 1716.075 1917.036 1890.871 1721.91 1537.074 1386.844 1281.574 1230.78 1274.452 1369.645 1354.039 1159.763 901.1184 704.2009 630.8 654.4367 683.392 611.2501 466.1255 401.3562 408.7296 369.5538 365.5484 528.2317 551.4878 576.7342 687.3206 1064.398 2572.877 -9999 -9999 -9999 -9999 -9999 -9999 -9999 -9999 -9999 -9999 -9999 -9999 -9999 -9999 -9999 -9999 -9999 -9999 -9999
2291.266 1841.34 1619.138 1612.941 1690.894 1730.936 1737.354 1796.156 1901.555 1985.506 2041.541 2126.438 2262.509 2307.419 2075.046 1634.858 1234.626 982.8827 853.6329 812.5543 817.0844 854.4967 969.329 1157.286 1282.807 1241.573 1141.626 1157.847 1341.495 1629.532 1835.337 1786.095 1546.645 1317.714 1207.454 1229.274 1358.674 1549.627 1685.26 1637.243 1425.047 1197.589 1051.115 977.2271 933.1996 882.2673 783.8654 650.3088 563.8198 509.4579 400.8423 262.9161 295.6205 328.9405 356.5166 518.1509 692.2635 919.0496 -9999 -9999 -9999 -9999 -9999 -9999 -9999 -9999 -9999 -9999 -9999 -9999 -9999 -9999 -9999 -9999 -9999 -9999 -9999
2352.224 1917.966 1707.294 1707.979 1795.845 1843.541 1835.982 1910.677 2016.526 2050.054 2083.195 2224.38 2478.821 2626.785 2443.349 1987.615 1526.891 1202.39 1003.616 891.3186 839.3301 856.5933 1005.388 1292.617 1542.131 1570.751 1442.564 1341.767 1369.673 1526.482 1662.384 1605.171 1397.002 1211.785 1158.66 1286.917 1576.421 1907.105 2089.18 2019.325 1785.916 1577.977 1478.479 1414.546 1319.672 1222.317 1145.708 1053.202 931.963 791.1924 648.7994 586.2526 627.8318 406.0773 979.9028 582.3994 649.5179 -9999 -9999 -9999 -9999 -9999 -9999 -9999 -9999 -9999 -9999 -9999 -9999 -9999 -9999 -9999 -9999 -9999 -9999 -9999 -9999
2798.641 2424.843 2206.463 2130.657 2129.13 2127.86 2137.358 2240.586 2284.84 2205.824 2147.916 2254.179 2504.697 2666.473 2501.019 2103.972 1695.88 1403.476 1221.17 1112.304 1049.591 1029.653 1115.349 1349.752 1607.874 1710.185 1639.639 1504.868 1404.673 1410.528 1460.315 1430.464 1314.702 1213.86 1213.249 1382.245 1728.177 2119.164 2339.935 2287.136 2060.8 1862.001 1779.5 1722.688 1611.227 1509.386 1477.535 1436.223 1291.893 1073.62 903.4445 882.458 828.2346 846.3032 598.4017 747.3176 727.9997 -9999 -9999 -9999 -9999 -9999 -9999 -9999 -9999 -9999 -9999 -9999 -9999 -9999 -9999 -9999 -9999 -9999 -9999 -9999 -9999
-9999 -9999 -9999 2881.174 2757.472 2685.544 2683.338 2787.193 2702.494 2429.371 2152.986 2102.935 2265.177 2406.387 2300.755 2015.452 1727.365 1521.001 1399.776 1358.593 1339.188 1288.511 1252.085 1330.22 1505.676 1641.526 1643.843 1523.187 1364.744 1295.184 1329.633 1359.471 1321.669 1271.953 1290.947 1440.613 1740.433 2093.785 2313.653 2289.531 2090.262 1891.434 1789.255 1722.483 1626.087 1559.956 1569.482 1566.975 1437.735 1203.374 997.659 906.8879 867.8193 735.9092 646.4038 723.0073 942.3726 -9999 -9999 -9999 -9999 -9999 -9999 -9999 -9999 -9999 -9999 -9999 -9999 -9999 -9999 -9999 -9999 -9999 -9999 -9999 -9999
-9999 -9999 -9999 -9999 -9999 3513.574 3544.696 3576.492 3324.532 2778.955 2227.9 1937.868 1970.004 2060.027 1987.222 1789.943 1609.074 1490.45 1460.157 1481.482 1531.463 1487.354 1342.704 1234.593 1260.682 1362.706 1412.556 1358.563 1256.299 1234.116 1326.465 1416.266 1406.925 1355.977 1360.231 1465.358 1670.733 1915.443 2074.949 2056.689 1889.391 1692.303 1556.498 1481.389 1436.501 1434.746 1485.402 1531.523 1480.316 1308.936 1072.504 832.556 780.1556 749.3851 729.6869 942.7262 1373.503 -9999 -9999 -9999 -9999 -9999 -9999 -9999 -9999 -9999 -9999 -9999 -9999 -9999 -9999 -9999 -9999 -9999 -9999 -9999 -9999
-9999 -9999 -9999 -9999 -9999 -9999 -9999 4485.262 4074.73 3324.755 2508.823 2010.205 1870.902 1846.361 1739.998 1552.201 1438.631 1380.926 1363.087 1443.915 1550.761 1552.054 1388.212 1167.56 1042.514 1041.108 1075.043 1092.825 1130.788 1252.971 1431.805 1539.449 1499.169 1395.696 1358.378 1421.32 1543.123 1663.573 1721.678 1680.437 1552.499 1387.822 1245.748 1177.779 1186.882 1241.805 1320.365 1404.07 1446.799 1379.054 1171.128 877.9324 719.2269 788.1011 1019.133 1233.83 2101.979 -9999 -9999 -9999 -9999 -9999 -9999 -9999 -9999 -9999 -9999 -9999 -9999 -9999 -9999 -9999 -9999 -9999 -9999 -9999 -9999
-9999 -9999 -9999 -9999 -9999 -9999 -9999 -9999 -9999 4124.779 3215.123 2490.745 2114.178 1892.021 1667.494 1479.148 1354.088 1308.241 1279.024 1310.369 1409.9 1461.425 1358.813 1143.365 949.7108 882.254 914.1093 997.142 1152.258 1387.53 1607.596 1688.013 1599.579 1437.527 1338.546 1349.509 1405.841 1423.889 1377.48 1295.982 1202.843 1097.898 997.1905 970.8574 1042.837 1157.785 1260.449 1337.136 1393.276 1391.528 1270.184 1036.416 890.7255 1031.301 1428.258 2044.205 -9999 -9999 -9999 -9999 -9999 -9999 -9999 -9999 -9999 -9999 -9999 -9999 -9999 -9999 -9999 -9999 -9999 -9999 -9999 -9999 -9999
-9999 -9999 -9999 -9999 -9999 -9999 -9999 -9999 -9999 -9999 -9999 3467.205 2806.48 2263.421 1849.347 1543.262 1407.043 1324.359 1205.801 1155.703 1208.526 1258.792 1259.921 1131.348 958.2253 891.7315 949.9269 1068.182 1250.86 1508.131 1718.216 1773.824 1676.407 1490.976 1331.77 1275.072 1275.78 1225.146 1092.878 949.5939 846.329 779.1098 743.3156 798.6047 963.4212 1162.635 1300.518 1337.905 1342.065 1349.24 1323.655 1221.642 1131.855 1255.474 1914.114 2993.265 -9999 -9999 -9999 -9999 -9999 -9999 -9999 -9999 -9999 -9999 -9999 -9999 -9999 -9999 -9999 -9999 -9999 -9999 -9999 -9999 -9999
-9999 -9999 -9999 -9999 -9999 -9999 -9999 -9999 -9999 -9999 -9999 -9999 -9999 2974.251 2308.558 1832.851 1561.607 1362.234 1185.877 1050.587 1027.76 1123.167 1192.075 1137.076 984.5748 899.9219 934.1743 1070.403 1259.9 1488.06 1639.803 1714.83 1671.001 1534.181 1356.558 1256.543 1216.251 1117.812 925.8942 729.1635 604.4399 559.4764 576.2883 686.0299 892.093 1127.147 1288.975 1326.575 1344.507 1395.062 1478.195 1268.011 1207.01 1687.08 3505.793 -9999 -9999 -9999 -9999 -9999 -9999 -9999 -9999 -9999 -9999 -9999 -9999 -9999 -9999 -9999 -9999 -9999 -9999 -9999 -9999 -9999 -9999
-9999 -9999 -9999 -9999 -9999 -9999 -9999 -9999 -9999 -9999 -9999 -9999 -9999 -9999 -9999 2238.064 1775.211 1438.055 1188.208 1020.545 987.5129 1100.051 1186.421 1138.322 963.2354 819.6381 814.9696 905.3477 1006.823 1192.69 1400.032 1500.487 1540.224 1491.97 1367.527 1269.479 1215.49 1114.84 925.8066 719.3497 579.4804 524.5284 542.6173 640.6567 817.207 1027.242 1193.753 1264.911 1327.986 1451.687 1284.487 2586.063 3074.204 3656.898 -9999 -9999 -9999 -9999 -9999 -9999 -9999 -9999 -9999 -9999 -9999 -9999 -9999 -9999 -9999 -9999 -9999 -9999 -9999 -9999 -9999 -9999 -9999
-9999 -9999 -9999 -9999 -9999 -9999 -9999 -9999 -9999 -9999 -9999 -9999 -9999 -9999 -9999 -9999 -9999 -9999 -9999 1034.894 972.7656 1037.715 1090.411 1029.338 857.4202 702.1601 584.7938 547.6702 642.9924 816.6255 1022.628 1206.491 1306.796 1321.69 1263.938 1205.074 1193.918 1165.507 1064.989 932.4706 814.3339 715.8986 653.3742 659.5739 759.9622 917.9661 1066.689 1166.031 1181.151 1370.581 2275.455 3636.791 3791.243 3850.847 -9999 -9999 -9999 -9999 -9999 -9999 -9999 -9999 -9999 -9999 -9999 -9999 -9999 -9999 -9999 -9999 -9999 -9999 -9999 -9999 -9999 -9999 -9999
-9999 -9999 -9999 -9999 -9999 -9999 -9999 -9999 -9999 -9999 -9999 -9999 -9999 -9999 -9999 -9999 -9999 -9999 -9999 -9999 -9999 -9999 856.2966 797.7252 660.3776 535.672 416.9943 377.5281 387.0437 513.6663 711.3621 905.6057 1008.087 1031.94 1005.646 1017.065 1131.843 1242.397 1281.699 1265.774 1219.811 1089.546 927.5516 783.0669 762.924 830.1648 912.6655 988.4357 926.6425 863.8339 1354.614 1839.853 3198.873 -9999 -9999 -9999 -9999 -9999 -9999 -9999 -9999 -9999 -9999 -9999 -9999 -9999 -9999 -9999 -9999 -9999 -9999 -9999 -9999 -9999 -9999 -9999 -9999
-9999 -9999 -9999 -9999 -9999 -9999 -9999 -9999 -9999 -9999 -9999 -9999 -9999 -9999 -9999 -9999 -9999 -9999 -9999 -9999 -9999 -9999 -9999 -9999 -9999 398.6157 363.9391 311.9919 297.5905 382.4319 530.526 670.0203 760.7903 754.1161 742.463 817.9504 1053.26 1331.005 1550.992 1693.842 1763.918 1675.971 1417.996 1143.4 966.7853 930.6463 959.1838 1017.035 1054.359 1088.164 1228.86 1943.599 -9999 -9999 -9999 -9999 -9999 -9999 -9999 -9999 -9999 -9999 -9999 -9999 -9999 -9999 -9999 -9999 -9999 -9999 -9999 -9999 -9999 -9999 -9999 -9999 -9999
-9999 -9999 -9999 -9999 -9999 -9999 -9999 -9999 -9999 -9999 -9999 -9999 -9999 -9999 -9999 -9999 -9999 -9999 -9999 -9999 -9999 -9999 -9999 -9999 -9999 -9999 -9999 255.9968 280.5898 368.317 485.6774 580.525 631.0935 613.7018 649.9277 791.4935 1121.538 1595.773 2018.831 -9999 -9999 -9999 -9999 -9999 -9999 1213.676 1152.079 1186.069 -9999 -9999 -9999 -9999 -9999 -9999 -9999 -9999 -9999 -9999 -9999 -9999 -9999 -9999 -9999 -9999 -9999 -9999 -9999 -9999 -9999 -9999 -9999 -9999 -9999 -9999 -9999 -9999 -9999
-9999 -9999 -9999 -9999 -9999 -9999 -9999 -9999 -9999 -9999 -9999 -9999 -9999 -9999 -9999 -9999 -9999 -9999 -9999 -9999 -9999 -9999 -9999 -9999 -9999 -9999 -9999 -9999 -9999 354.4282 478.3621 552.1341 592.856 633.6971 763.1976 1058.323 1561.043 -9999 -9999 -9999 -9999 -9999 -9999 -9999 -9999 -9999 -9999 -9999 -9999 -9999 -9999 -9999 -9999 -9999 -9999 -9999 -9999 -9999 -9999 -9999 -9999 -9999 -9999 -9999 -9999 -9999 -9999 -9999 -9999 -9999 -9999 -9999 -9999 -9999 -9999 -9999 -9999
-9999 -9999 -9999 -9999 -9999 -9999 -9999 -9999 -9999 -9999 -9999 -9999 -9999 -9999 -9999 -9999 -9999 -9999 -9999 -9999 -9999 -9999 -9999 -9999 -9999 -9999 -9999 -9999 -9999 -9999 -9999 -9999 -9999 -9999 -9999 -9999 -9999 -9999 -9999 -9999 -9999 -9999 -9999 -9999 -9999 -9999 -9999 -9999 -9999 -9999 -9999 -9999 -9999 -9999 -9999 -9999 -9999 -9999 -9999 -9999 -9999 -9999 -9999 -9999 -9999 -9999 -9999 -9999 -9999 -9999 -9999 -9999 -9999 -9999 -9999 -9999 -9999
-9999 -9999 -9999 -9999 -9999 -9999 -9999 -9999 -9999 -9999 -9999 -9999 -9999 -9999 -9999 -9999 -9999 -9999 -9999 -9999 -9999 -9999 -9999 -9999 -9999 -9999 -9999 -9999 -9999 -9999 -9999 -9999 -9999 -9999 -9999 -9999 -9999 -9999 -9999 -9999 -9999 -9999 -9999 -9999 -9999 -9999 -9999 -9999 -9999 -9999 -9999 -9999 -9999 -9999 -9999 -9999 -9999 -9999 -9999 -9999 -9999 -9999 -9999 -9999 -9999 -9999 -9999 -9999 -9999 -9999 -9999 -9999 -9999 -9999 -9999 -9999 -9999
-9999 -9999 -9999 -9999 -9999 -9999 -9999 -9999 -9999 -9999 -9999 -9999 -9999 -9999 -9999 -9999 -9999 -9999 -9999 -9999 -9999 -9999 -9999 -9999 -9999 -9999 -9999 -9999 -9999 -9999 -9999 -9999 -9999 -9999 -9999 -9999 -9999 -9999 -9999 -9999 -9999 -9999 -9999 -9999 -9999 -9999 -9999 -9999 -9999 -9999 -9999 -9999 -9999 -9999 -9999 -9999 -9999 -9999 -9999 -9999 -9999 -9999 -9999 -9999 -9999 -9999 -9999 -9999 -9999 -9999 -9999 -9999 -9999 -9999 -9999 -9999 -9999
-9999 -9999 -9999 -9999 -9999 -9999 -9999 -9999 -9999 -9999 -9999 -9999 -9999 -9999 -9999 -9999 -9999 -9999 -9999 -9999 -9999 -9999 -9999 -9999 -9999 -9999 -9999 -9999 -9999 -9999 -9999 -9999 -9999 -9999 -9999 -9999 -9999 -9999 -9999 -9999 -9999 -9999 -9999 -9999 -9999 -9999 -9999 -9999 -9999 -9999 -9999 -9999 -9999 -9999 -9999 -9999 -9999 -9999 -9999 -9999 -9999 -9999 -9999 -9999 -9999 -9999 -9999 -9999 -9999 -9999 -9999 -9999 -9999 -9999 -9999 -9999 -9999
-9999 -9999 -9999 -9999 -9999 -9999 -9999 -9999 -9999 -9999 -9999 -9999 -9999 -9999 -9999 -9999 -9999 -9999 -9999 -9999 -9999 -9999 -9999 -9999 -9999 -9999 -9999 -9999 -9999 -9999 -9999 -9999 -9999 -9999 -9999 -9999 -9999 -9999 -9999 -9999 -9999 -9999 -9999 -9999 -9999 -9999 -9999 -9999 -9999 -9999 -9999 -9999 -9999 -9999 -9999 -9999 -9999 -9999 -9999 -9999 -9999 -9999 -9999 -9999 -9999 -9999 -9999 -9999 -9999 -9999 -9999 -9999 -9999 -9999 -9999 -9999 -9999
